346353.873528,4069641.13715
346353.809111,4069641.07806
346353.744427,4069641.01879
346353.679273,4069640.95914
346353.613513,4069640.89896
346353.547049,4069640.83825
346353.479636,4069640.77674
346353.411325,4069640.71429
346353.341949,4069640.65088
346353.271475,4069640.58636
346353.19988,4069640.52067
346353.126963,4069640.45381
346353.052851,4069640.38563
346352.977349,4069640.31616
346352.900507,4069640.24532
346352.822284,4069640.17306
346352.742661,4069640.09929
346352.661608,4069640.02393
346352.578962,4069639.94693
346352.494799,4069639.86839
346352.40913,4069639.7882
346352.322001,4069639.70638
346352.233312,4069639.6229
346352.143155,4069639.5379
346352.051481,4069639.45124
346351.958316,4069639.36302
346351.863701,4069639.27324
346351.767484,4069639.18207
346351.669827,4069639.08938
346351.570642,4069638.99532
346351.469974,4069638.8998
346351.367874,4069638.80296
346351.264389,4069638.70474
346351.159589,4069638.60533
346351.053575,4069638.5046
346350.946405,4069638.40262
346350.838102,4069638.29933
346350.728697,4069638.19495
346350.618202,4069638.08946
346350.50668,4069637.98293
346350.394195,4069637.87528
346350.280762,4069637.7667
346350.166469,4069637.65718
346350.051282,4069637.54677
346349.935287,4069637.43553
346349.81844,4069637.32357
346349.700919,4069637.21088
346349.582684,4069637.09756
346349.463675,4069636.98384
346349.344034,4069636.86956
346349.223867,4069636.7548
346349.10322,4069636.63953
346348.982197,4069636.52374
346348.860672,4069636.40751
346348.738668,4069636.29103
346348.616283,4069636.17416
346348.493567,4069636.05703
346348.370581,4069635.93963
346348.247482,4069635.82193
346348.12413,4069635.7041
346348.000561,4069635.58601
346347.876742,4069635.46769
346347.752676,4069635.34911
346347.628315,4069635.23027
346347.503673,4069635.1112
346347.378692,4069634.99197
346347.253397,4069634.8724
346347.127645,4069634.75266
346347.001372,4069634.63272
346346.874562,4069634.51255
346346.747319,4069634.39214
346346.61963,4069634.27147
346346.491422,4069634.15062
346346.36275,4069634.0296
346346.233593,4069633.90842
346346.10398,4069633.78716
346345.973942,4069633.66591
346345.843681,4069633.54462
346345.713054,4069633.42353
346345.582068,4069633.3026
346345.450798,4069633.18182
346345.319241,4069633.06129
346345.187489,4069632.94099
346345.05561,4069632.82074
346344.923732,4069632.70044
346344.791814,4069632.58011
346344.659872,4069632.45991
346344.527875,4069632.33985
346344.395874,4069632.21994
346344.263908,4069632.10016
346344.131981,4069631.98056
346344.000152,4069631.86103
346343.868442,4069631.74169
346343.736914,4069631.62248
346343.605588,4069631.50339
346343.474442,4069631.38448
346343.343522,4069631.26571
346343.212816,4069631.14711
346343.08236,4069631.02862
346342.95208,4069630.9102
346342.822013,4069630.79186
346342.692089,4069630.6737
346342.562328,4069630.55566
346342.432709,4069630.43764
346342.303167,4069630.31959
346342.173757,4069630.20152
346342.044427,4069630.08332
346341.915126,4069629.96507
346341.785857,4069629.84674
346341.656609,4069629.72839
346341.527432,4069629.60994
346341.398206,4069629.49143
346341.269092,4069629.37279
346341.140056,4069629.25403
346341.011115,4069629.1351
346340.88226,4069629.01603
346340.753583,4069628.89673
346340.624971,4069628.77732
346340.496507,4069628.65779
346340.368249,4069628.53811
346340.240255,4069628.41822
346340.112572,4069628.29809
346339.985091,4069628.17776
346339.857783,4069628.0573
346339.730568,4069627.9368
346339.603456,4069627.81629
346339.476499,4069627.69579
346339.349513,4069627.57523
346339.222645,4069627.45473
346339.095751,4069627.33429
346338.968897,4069627.21378
346338.841989,4069627.09323
346338.715007,4069626.97259
346338.587984,4069626.85176
346338.46077,4069626.73087
346338.333398,4069626.60993
346338.205911,4069626.48887
346338.078304,4069626.36775
346337.950545,4069626.24658
346337.822705,4069626.12518
346337.694802,4069626.00364
346337.566791,4069625.88218
346337.438676,4069625.76075
346337.310495,4069625.63941
346337.182217,4069625.51826
346337.053921,4069625.39726
346336.925594,4069625.27643
346336.797295,4069625.15585
346336.668904,4069625.0356
346336.540574,4069624.91565
346336.412166,4069624.79615
346336.2837,4069624.67711
346336.155257,4069624.55846
346336.026899,4069624.44029
346335.898506,4069624.32261
346335.770037,4069624.20568
346335.641521,4069624.08945
346335.512872,4069623.97396
346335.383927,4069623.85932
346335.254652,4069623.74552
346335.124967,4069623.63264
346334.994726,4069623.52075
346334.863934,4069623.41016
346334.732395,4069623.30083
346334.599902,4069623.19287
346334.466295,4069623.08645
346334.331477,4069622.98162
346334.195267,4069622.87856
346334.057321,4069622.77745
346333.917785,4069622.67847
346333.776563,4069622.5819
346333.633638,4069622.48773
346333.488933,4069622.39612
346333.342437,4069622.30713
346333.194221,4069622.22085
346333.044142,4069622.13751
346332.892266,4069622.0572
346332.738658,4069621.98012
346332.583295,4069621.9064
346332.426332,4069621.83614
346332.267812,4069621.76937
346332.107916,4069621.70617
346331.946611,4069621.64667
346331.784024,4069621.59097
346331.620284,4069621.53913
346331.45553,4069621.4911
346331.289774,4069621.44703
346331.123135,4069621.40705
346330.955833,4069621.37113
346330.787849,4069621.33933
346330.619312,4069621.31174
346330.450246,4069621.28842
346330.280785,4069621.26947
346330.110976,4069621.25501
346329.940978,4069621.24498
346329.770919,4069621.23949
346329.600861,4069621.23865
346329.430925,4069621.2424
346329.261287,4069621.25081
346329.092063,4069621.26387
346328.923537,4069621.28144
346328.755671,4069621.30356
346328.588733,4069621.33009
346328.42282,4069621.36091
346328.25811,4069621.39607
346328.09478,4069621.4355
346327.932834,4069621.47923
346327.772409,4069621.52723
346327.613613,4069621.57949
346327.456521,4069621.63599
346327.301128,4069621.69678
346327.147682,4069621.76184
346326.996368,4069621.83123
346326.847246,4069621.90485
346326.70044,4069621.98258
346326.556068,4069622.06431
346326.414074,4069622.14991
346326.274533,4069622.23933
346326.137436,4069622.33236
346326.002723,4069622.42886
346325.870369,4069622.52873
346325.740315,4069622.63157
346325.612454,4069622.73735
346325.486678,4069622.84575
346325.3628,4069622.95656
346325.240683,4069623.06946
346325.120178,4069623.18419
346325.000943,4069623.30039
346324.882728,4069623.41767
346324.765152,4069623.53564
346324.64801,4069623.654
346324.53115,4069623.77269
346324.414477,4069623.89165
346324.297866,4069624.01085
346324.181324,4069624.13036
346324.065008,4069624.25015
346323.948798,4069624.37029
346323.832655,4069624.49077
346323.716566,4069624.61175
346323.600473,4069624.73312
346323.484382,4069624.85497
346323.368227,4069624.97725
346323.251872,4069625.09987
346323.135326,4069625.22293
346323.018558,4069625.34628
346322.90155,4069625.46993
346322.784247,4069625.59379
346322.666708,4069625.71789
346322.548912,4069625.84223
346322.431004,4069625.96681
346322.313034,4069626.09153
346322.195025,4069626.21638
346322.077204,4069626.34132
346321.959561,4069626.46631
346321.842271,4069626.5911
346321.725083,4069626.71583
346321.607932,4069626.84075
346321.490706,4069626.96589
346321.37332,4069627.09129
346321.255693,4069627.21703
346321.13786,4069627.34315
346321.020043,4069627.46948
346320.902183,4069627.59616
346320.784096,4069627.7232
346320.665721,4069627.85072
346320.546886,4069627.97854
346320.427457,4069628.1067
346320.307476,4069628.23538
346320.186811,4069628.36446
346320.065339,4069628.49395
346319.942971,4069628.62411
346319.819554,4069628.75506
346319.694897,4069628.88676
346319.569058,4069629.01959
346319.441974,4069629.15338
346319.313614,4069629.28812
346319.184256,4069629.42365
346319.053785,4069629.55967
346318.922344,4069629.6961
346318.790025,4069629.83298
346318.657021,4069629.97041
346318.523448,4069630.10843
346318.389299,4069630.24686
346318.254889,4069630.38563
346318.120232,4069630.52461
346317.985413,4069630.6639
346317.850477,4069630.8032
346317.715452,4069630.94262
346317.580427,4069631.08203
346317.445455,4069631.22147
346317.310596,4069631.36095
346317.175821,4069631.50035
346317.041185,4069631.63963
346316.906658,4069631.7789
346316.772245,4069631.91807
346316.637933,4069632.05722
346316.503677,4069632.19634
346316.36949,4069632.33548
346316.235393,4069632.47465
346316.101308,4069632.61401
346315.96729,4069632.75345
346315.833313,4069632.89313
346315.699432,4069633.03283
346315.565717,4069633.17257
346315.43224,4069633.31236
346315.299059,4069633.4522
346315.166253,4069633.59217
346315.033941,4069633.73202
346314.902131,4069633.87199
346314.770872,4069634.01197
346314.640181,4069634.15192
346314.510003,4069634.2918
346314.380239,4069634.43146
346314.250871,4069634.57076
346314.121919,4069634.70993
346313.993333,4069634.84875
346313.865056,4069634.98719
346313.737092,4069635.12527
346313.609373,4069635.26286
346313.481922,4069635.40006
346313.35468,4069635.53672
346313.227604,4069635.67272
346313.100665,4069635.80815
346312.973802,4069635.94295
346312.847256,4069636.07711
346312.720895,4069636.21068
346312.594693,4069636.34368
346312.468745,4069636.47614
346312.343143,4069636.60823
346312.217803,4069636.73985
346312.09276,4069636.87112
346311.96802,4069637.00197
346311.843474,4069637.13252
346311.719228,4069637.26274
346311.595202,4069637.3927
346311.471378,4069637.52236
346311.347713,4069637.65187
346311.224217,4069637.78116
346311.100826,4069637.91039
346310.977515,4069638.03955
346310.854219,4069638.16864
346310.73093,4069638.29772
346310.607626,4069638.42687
346310.48425,4069638.55608
346310.360742,4069638.6854
346310.237044,4069638.81491
346310.113153,4069638.94461
346309.98904,4069639.07443
346309.864687,4069639.20439
346309.740046,4069639.33444
346309.615146,4069639.46454
346309.489998,4069639.59483
346309.364583,4069639.72524
346309.238997,4069639.85581
346309.113153,4069639.98657
346308.987041,4069640.11746
346308.860663,4069640.24851
346308.733964,4069640.37965
346308.606973,4069640.51108
346308.479738,4069640.64272
346308.352218,4069640.77466
346308.224489,4069640.90674
346308.096514,4069641.0391
346307.968275,4069641.17165
346307.839802,4069641.30445
346307.711132,4069641.43739
346307.582279,4069641.57051
346307.453252,4069641.70372
346307.324127,4069641.83707
346307.194855,4069641.97045
346307.065513,4069642.10399
346306.936108,4069642.23758
346306.806628,4069642.37126
346306.677068,4069642.50505
346306.547499,4069642.63892
346306.417959,4069642.77292
346306.288422,4069642.90687
346306.158952,4069643.04093
346306.029516,4069643.17489
346305.900049,4069643.3089
346305.770652,4069643.44289
346305.641262,4069643.57701
346305.511932,4069643.71115
346305.382623,4069643.84538
346305.253398,4069643.97957
346305.124273,4069644.11381
346304.995195,4069644.24799
346304.866174,4069644.38225
346304.737143,4069644.51648
346304.608176,4069644.65082
346304.479285,4069644.78517
346304.350472,4069644.91955
346304.221752,4069645.05383
346304.093213,4069645.18802
346303.964828,4069645.32212
346303.83664,4069645.45616
346303.708631,4069645.5901
346303.580843,4069645.72398
346303.453269,4069645.85774
346303.325879,4069645.99145
346303.198684,4069646.12505
346303.071727,4069646.25853
346302.94495,4069646.39194
346302.81837,4069646.52521
346302.69205,4069646.65839
346302.565914,4069646.79145
346302.440095,4069646.92439
346302.314448,4069647.0573
346302.18903,4069647.19011
346302.063816,4069647.32278
346301.938756,4069647.45536
346301.813917,4069647.58784
346301.689317,4069647.72027
346301.564963,4069647.85261
346301.440767,4069647.98478
346301.316826,4069648.11684
346301.193032,4069648.24877
346301.069442,4069648.38057
346300.946038,4069648.51221
346300.822878,4069648.64378
346300.699901,4069648.77521
346300.577129,4069648.90661
346300.454496,4069649.03793
346300.33199,4069649.16913
346300.209579,4069649.30018
346300.087303,4069649.43115
346299.965146,4069649.56201
346299.843157,4069649.69281
346299.721359,4069649.82347
346299.599759,4069649.95399
346299.478372,4069650.0844
346299.357255,4069650.21466
346299.23641,4069650.34476
346299.115882,4069650.47464
346298.995661,4069650.60422
346298.875777,4069650.73345
346298.756229,4069650.86226
346298.637084,4069650.99068
346298.518329,4069651.1186
346298.399951,4069651.24612
346298.281976,4069651.37324
346298.164345,4069651.49998
346298.047024,4069651.62639
346297.9299,4069651.75251
346297.812863,4069651.87847
