302528.11746,4123843.43423
302528.049203,4123843.30941
302527.980909,4123843.18451
302527.912524,4123843.05951
302527.844068,4123842.93447
302527.775538,4123842.80921
302527.70691,4123842.68365
302527.638181,4123842.55772
302527.569281,4123842.43143
302527.500227,4123842.30484
302527.43098,4123842.17779
302527.361559,4123842.05037
302527.292014,4123841.92256
302527.222314,4123841.79429
302527.152515,4123841.6656
302527.08254,4123841.5365
302527.012433,4123841.40694
302526.942165,4123841.27697
302526.871693,4123841.14663
302526.800986,4123841.01596
302526.730084,4123840.88497
302526.659016,4123840.75374
302526.587792,4123840.62224
302526.516369,4123840.49051
302526.44486,4123840.35862
302526.373268,4123840.22658
302526.301575,4123840.09447
302526.229895,4123839.96235
302526.158218,4123839.83023
302526.086586,4123839.69813
302526.014987,4123839.56606
302525.943419,4123839.43409
302525.871858,4123839.30224
302525.800306,4123839.17052
302525.728763,4123839.03895
302525.657237,4123838.90752
302525.585712,4123838.77618
302525.514205,4123838.64498
302525.442731,4123838.5139
302525.371266,4123838.38296
302525.299788,4123838.25208
302525.228293,4123838.12126
302525.156767,4123837.99051
302525.085208,4123837.8598
302525.013633,4123837.72906
302524.941983,4123837.59833
302524.870242,4123837.46752
302524.798416,4123837.33667
302524.726501,4123837.20577
302524.654486,4123837.07478
302524.58236,4123836.94372
302524.510104,4123836.81254
302524.43775,4123836.68128
302524.365265,4123836.5499
302524.292652,4123836.41847
302524.219918,4123836.28697
302524.147026,4123836.15537
302524.074017,4123836.0236
302524.000872,4123835.89177
302523.9276,4123835.75982
302523.854174,4123835.62768
302523.780605,4123835.4954
302523.706932,4123835.36302
302523.633215,4123835.23057
302523.559436,4123835.09804
302523.48563,4123834.96556
302523.41183,4123834.83308
302523.338009,4123834.70067
302523.264222,4123834.56827
302523.190395,4123834.43591
302523.116619,4123834.30364
302523.042885,4123834.17152
302522.969182,4123834.03959
302522.89553,4123833.90792
302522.821995,4123833.77653
302522.748532,4123833.64544
302522.675236,4123833.51464
302522.602043,4123833.38412
302522.528974,4123833.25391
302522.456043,4123833.124
302522.383222,4123832.99431
302522.310511,4123832.86488
302522.237923,4123832.73567
302522.165407,4123832.60671
302522.093035,4123832.47792
302522.020733,4123832.34937
302521.948514,4123832.22101
302521.876328,4123832.09281
302521.804229,4123831.96477
302521.732149,4123831.83688
302521.660144,4123831.70907
302521.588141,4123831.58137
302521.516154,4123831.45369
302521.444196,4123831.32605
302521.372241,4123831.19833
302521.300243,4123831.07051
302521.228162,4123830.94253
302521.15598,4123830.81439
302521.083687,4123830.68604
302521.011299,4123830.55741
302520.938749,4123830.42852
302520.866142,4123830.29926
302520.793388,4123830.16968
302520.720476,4123830.03972
302520.647412,4123829.9094
302520.574246,4123829.77874
302520.500964,4123829.64776
302520.427601,4123829.51653
302520.354087,4123829.385
302520.280421,4123829.25321
302520.206597,4123829.12118
302520.132595,4123828.98896
302520.058423,4123828.85661
302519.984134,4123828.72414
302519.909817,4123828.59154
302519.835424,4123828.4589
302519.760995,4123828.32626
302519.686556,4123828.1936
302519.612153,4123828.06099
302519.537782,4123827.92839
302519.463443,4123827.79581
302519.389154,4123827.66329
302519.314905,4123827.53076
302519.240663,4123827.39826
302519.166461,4123827.2658
302519.092258,4123827.13344
302519.018019,4123827.00114
302518.943774,4123826.86896
302518.86949,4123826.73678
302518.795174,4123826.60461
302518.720803,4123826.47244
302518.646404,4123826.34026
302518.571933,4123826.20806
302518.497455,4123826.07582
302518.422911,4123825.94364
302518.348381,4123825.81153
302518.273904,4123825.67947
302518.199469,4123825.5475
302518.125084,4123825.41564
302518.050742,4123825.28395
302517.976467,4123825.15235
302517.902219,4123825.02084
302517.827985,4123824.8894
302517.753763,4123824.758
302517.679465,4123824.62658
302517.605123,4123824.49514
302517.530772,4123824.36375
302517.456444,4123824.23238
302517.38207,4123824.10103
302517.307751,4123823.96963
302517.233422,4123823.83819
302517.159094,4123823.70666
302517.084783,4123823.57507
302517.010458,4123823.44347
302516.936136,4123823.31186
302516.861865,4123823.18019
302516.787702,4123823.04852
302516.713588,4123822.91688
302516.639546,4123822.7853
302516.565622,4123822.65382
302516.491747,4123822.52241
302516.41791,4123822.39106
302516.344094,4123822.25985
302516.270262,4123822.12879
302516.196385,4123821.99779
302516.122529,4123821.86686
302516.048675,4123821.73605
302515.974824,4123821.6054
302515.900986,4123821.47486
302515.827117,4123821.34445
302515.753303,4123821.21424
302515.679514,4123821.08421
302515.605794,4123820.95439
302515.532134,4123820.82474
302515.458566,4123820.69534
302515.385065,4123820.56613
302515.311634,4123820.43703
302515.238197,4123820.30809
302515.164803,4123820.17916
302515.091424,4123820.05028
302515.018124,4123819.92143
302514.944874,4123819.79271
302514.871689,4123819.66402
302514.798576,4123819.53548
302514.725546,4123819.40703
302514.652611,4123819.27864
302514.579744,4123819.15038
302514.506983,4123819.02221
302514.434248,4123818.8941
302514.361539,4123818.76599
302514.288838,4123818.63789
302514.216179,4123818.50977
302514.143478,4123818.38166
302514.070805,4123818.25354
302513.998079,4123818.12534
302513.925269,4123817.99703
302513.852388,4123817.86853
302513.779435,4123817.7399
302513.706466,4123817.61106
302513.63339,4123817.48203
302513.560237,4123817.35285
302513.486965,4123817.22338
302513.41361,4123817.09376
302513.340136,4123816.96387
302513.266507,4123816.83371
302513.192724,4123816.70334
302513.118828,4123816.57281
302513.044862,4123816.44219
302512.970833,4123816.31145
302512.896719,4123816.18065
302512.82252,4123816.04983
302512.748257,4123815.91886
302512.673973,4123815.78782
302512.599586,4123815.65671
302512.525229,4123815.5256
302512.450783,4123815.39434
302512.376263,4123815.26304
302512.301703,4123815.13168
302512.227064,4123815.0002
302512.152362,4123814.8686
302512.077597,4123814.73683
302512.002741,4123814.6048
302511.92781,4123814.47259
302511.852794,4123814.34017
302511.777656,4123814.20744
302511.702494,4123814.07453
302511.62729,4123813.94139
302511.552069,4123813.80808
302511.476823,4123813.6746
302511.401627,4123813.54103
302511.326422,4123813.40731
302511.251214,4123813.2735
302511.176054,4123813.13955
302511.100951,4123813.00548
302511.025957,4123812.87137
302510.951151,4123812.73714
302510.87656,4123812.60282
302510.802198,4123812.46831
302510.72804,4123812.33371
302510.654103,4123812.19906
302510.580306,4123812.06444
302510.50663,4123811.92983
302510.433036,4123811.79522
302510.359475,4123811.66056
302510.286005,4123811.52594
302510.212562,4123811.39136
302510.139085,4123811.25676
302510.065544,4123811.12211
302509.991945,4123810.9874
302509.91825,4123810.85255
302509.844529,4123810.71767
302509.770724,4123810.58269
302509.696836,4123810.44762
302509.62287,4123810.3125
302509.548852,4123810.17742
302509.474763,4123810.04238
302509.400658,4123809.90731
302509.326491,4123809.77228
302509.252257,4123809.63725
302509.178013,4123809.50223
302509.103752,4123809.36725
302509.029462,4123809.23227
302508.955195,4123809.0974
302508.880907,4123808.96268
302508.806619,4123808.82807
302508.732324,4123808.6936
302508.658034,4123808.55922
302508.583762,4123808.42498
302508.509508,4123808.29092
302508.435227,4123808.15699
302508.360915,4123808.02324
302508.2866,4123807.88959
302508.212281,4123807.75611
302508.137958,4123807.62278
302508.063644,4123807.48964
302507.989295,4123807.35664
302507.914947,4123807.22379
302507.840551,4123807.09104
302507.766102,4123806.95835
302507.691655,4123806.82571
302507.617139,4123806.69314
302507.542569,4123806.56059
302507.467919,4123806.42804
302507.393277,4123806.29557
302507.318543,4123806.16313
302507.243776,4123806.03077
302507.168955,4123805.8985
302507.094089,4123805.76625
302507.019144,4123805.63405
302506.944181,4123805.50193
302506.869239,4123805.36985
302506.794302,4123805.23788
302506.719386,4123805.106
302506.644486,4123804.97422
302506.569596,4123804.84257
302506.494683,4123804.71105
302506.419814,4123804.57967
302506.344994,4123804.44837
302506.270216,4123804.31715
302506.195479,4123804.18603
302506.120803,4123804.05499
302506.046253,4123803.92406
302505.971824,4123803.7932
302505.897495,4123803.66247
302505.823288,4123803.53189
302505.749206,4123803.40152
302505.675227,4123803.27126
302505.601372,4123803.14112
302505.527576,4123803.01108
302505.453921,4123802.88115
302505.380365,4123802.75141
302505.306982,4123802.62185
302505.233724,4123802.49247
302505.160555,4123802.36325
302505.087482,4123802.23412
302505.014458,4123802.10509
302504.941558,4123801.97617
302504.868718,4123801.84738
302504.795987,4123801.71866
302504.723345,4123801.59011
302504.650828,4123801.46175
302504.578476,4123801.33355
302504.506276,4123801.20549
302504.434222,4123801.0775
302504.362328,4123800.94953
302504.290537,4123800.82158
302504.218885,4123800.69357
302504.147429,4123800.56552
302504.076142,4123800.43744
302504.005116,4123800.30929
302503.934294,4123800.18105
302503.863761,4123800.05272
302503.793474,4123799.92435
302503.723458,4123799.79589
302503.653734,4123799.66739
302503.584276,4123799.53883
302503.515062,4123799.41022
302503.446078,4123799.28161
302503.377295,4123799.15297
302503.308654,4123799.02437
302503.240093,4123798.89579
302503.171618,4123798.76731
302503.103198,4123798.63895
302503.03482,4123798.51067
302502.966475,4123798.3825
302502.898202,4123798.25438
302502.829998,4123798.12624
302502.76184,4123797.99817
302502.693699,4123797.87015
302502.625567,4123797.74222
302502.55745,4123797.61437
302502.489312,4123797.48655
302502.421165,4123797.35881
302502.352998,4123797.23115
302502.284825,4123797.1035
302502.216584,4123796.97585
302502.148289,4123796.84824
302502.079943,4123796.72063
302502.011536,4123796.59308
302501.943051,4123796.46555
302501.874459,4123796.33801
302501.805768,4123796.21044
302501.737002,4123796.08285
302501.668133,4123795.95519
302501.59925,4123795.82755
302501.530256,4123795.69983
302501.461101,4123795.57203
302501.391813,4123795.44406
302501.322384,4123795.31592
302501.25282,4123795.18761
302501.183109,4123795.05912
302501.113251,4123794.93043
302501.043207,4123794.80152
302500.973019,4123794.67243
302500.902638,4123794.54312
302500.832062,4123794.4136
302500.761284,4123794.2839
302500.690368,4123794.15406
302500.619317,4123794.02416
302500.548099,4123793.89414
302500.476761,4123793.76407
302500.405321,4123793.63395
302500.333704,4123793.5038
302500.261944,4123793.3736
302500.190079,4123793.24337
302500.118069,4123793.1131
302500.045961,4123792.98285
302499.973735,4123792.85252
302499.901368,4123792.72214
302499.828872,4123792.59169
302499.756194,4123792.46113
302499.683315,4123792.33041
302499.610176,4123792.19952
302499.53686,4123792.06843
302499.46336,4123791.93715
302499.389623,4123791.80568
302499.315738,4123791.67394
302499.241637,4123791.54197
302499.167352,4123791.40973
302499.092917,4123791.27727
302499.018274,4123791.14454
302498.943397,4123791.01156
302498.868341,4123790.87831
302498.793093,4123790.74473
302498.7176,4123790.61088
302498.641915,4123790.47673
302498.566085,4123790.34239
302498.490064,4123790.20786
302498.413899,4123790.07316
302498.337566,4123789.93821
302498.261095,4123789.80306
302498.184485,4123789.66764
302498.107665,4123789.53194
302498.03069,4123789.39604
302497.953569,4123789.25992
302497.876329,4123789.12365
302497.79893,4123788.98718
302497.721415,4123788.85059
302497.643763,4123788.71386
302497.566002,4123788.57707
302497.488145,4123788.4401
302497.410206,4123788.30308
302497.332201,4123788.16601
302497.254091,4123788.02886
302497.175965,4123787.89169
302497.097782,4123787.75452
302497.019534,4123787.61735
302496.94123,4123787.48023
302496.862923,4123787.34314
302496.784628,4123787.20614
302496.706378,4123787.06923
302496.628105,4123786.93238
302496.549864,4123786.79559
302496.471631,4123786.6589
302496.39344,4123786.52228
302496.315289,4123786.38571
302496.237217,4123786.24929
302496.159234,4123786.11305
302496.081359,4123785.97699
302496.00357,4123785.84108
302495.925887,4123785.70538
302495.848342,4123785.56985
302495.770904,4123785.43448
302495.693569,4123785.29928
302495.616399,4123785.16422
302495.53925,4123785.0293
302495.462193,4123784.89441
302495.385189,4123784.75953
302495.308251,4123784.62467
302495.231412,4123784.48979
302495.154684,4123784.35495
302495.078122,4123784.22003
302495.001713,4123784.0851
302494.925492,4123783.9502
302494.849391,4123783.81526
302494.773418,4123783.68027
302494.697546,4123783.54524
302494.621769,4123783.41022
302494.546089,4123783.27533
302494.470515,4123783.14058
302494.395074,4123783.00594
302494.319782,4123782.87154
302494.244573,4123782.73728
302494.169497,4123782.60317
302494.094513,4123782.46929
302494.019682,4123782.33562
302493.944914,4123782.20216
302493.870293,4123782.06894
302493.795795,4123781.93604
302493.721453,4123781.80334
302493.647227,4123781.67093
302493.573137,4123781.53884
302493.499204,4123781.40704
302493.425385,4123781.27553
302493.351735,4123781.14436
302493.278181,4123781.01348
302493.204772,4123780.88287
302493.13142,4123780.75254
302493.058202,4123780.62247
302492.985091,4123780.49262
302492.912061,4123780.36301
302492.83915,4123780.23365
302492.766311,4123780.1045
302492.693532,4123779.97558
302492.620742,4123779.84678
302492.547992,4123779.7181
302492.475223,4123779.58953
302492.40247,4123779.46108
302492.329686,4123779.33266
302492.256889,4123779.20418
302492.184091,4123779.07572
302492.11129,4123778.94724
302492.038547,4123778.81875
302491.965757,4123778.69023
302491.892985,4123778.56165
302491.820247,4123778.43305
302491.747562,4123778.30439
302491.674875,4123778.17564
302491.602301,4123778.0468
302491.529785,4123777.91773
302491.457315,4123777.78859
302491.384881,4123777.65924
302491.312506,4123777.52977
302491.240221,4123777.40023
302491.168063,4123777.27059
302491.096083,4123777.14081
302491.024266,4123777.01089
302490.952703,4123776.88087
302490.881308,4123776.75079
302490.810116,4123776.62042
302490.739085,4123776.48994
302490.668214,4123776.35923
302490.597488,4123776.22846
302490.526827,4123776.09762
302490.456309,4123775.96668
302490.385839,4123775.8358
302490.315312,4123775.70494
302490.2448,4123775.57403
302490.174262,4123775.44309
302490.103691,4123775.31222
302490.033089,4123775.18121
302489.962473,4123775.05022
302489.891743,4123774.91921
302489.820963,4123774.78821
302489.750085,4123774.65716
302489.679156,4123774.52609
302489.608083,4123774.39497
302489.536884,4123774.26375
302489.465591,4123774.13249
302489.394153,4123774.00108
302489.322534,4123773.86953
302489.250791,4123773.73781
302489.178915,4123773.60594
302489.106872,4123773.47391
302489.034645,4123773.34173
302488.962234,4123773.20935
302488.889787,4123773.07687
302488.817307,4123772.94429
302488.744723,4123772.81166
302488.67215,4123772.679
302488.599536,4123772.54631
302488.526865,4123772.41353
302488.454164,4123772.28068
302488.381477,4123772.14773
302488.308745,4123772.0148
302488.23612,4123771.88189
302488.163533,4123771.74901
302488.091076,4123771.61623
302488.018698,4123771.48352
302487.946421,4123771.35092
302487.874266,4123771.21842
302487.802217,4123771.08608
302487.730308,4123770.95391
302487.658547,4123770.82184
302487.586884,4123770.68986
302487.515285,4123770.55794
302487.443791,4123770.42602
302487.3723,4123770.29413
302487.300856,4123770.16217
302487.229437,4123770.0302
302487.158053,4123769.89827
302487.086715,4123769.76629
302487.015375,4123769.6342
302486.944025,4123769.50204
302486.872669,4123769.36983
302486.801324,4123769.23751
302486.729945,4123769.10504
302486.658568,4123768.97245
302486.587158,4123768.83973
302486.51574,4123768.70691
302486.444362,4123768.57402
302486.372977,4123768.44103
302486.301618,4123768.30806
302486.230294,4123768.17506
302486.159053,4123768.04215
302486.087905,4123767.90922
302486.016903,4123767.77638
302485.946031,4123767.64369
302485.875381,4123767.51111
302485.804948,4123767.37869
302485.734634,4123767.24639
302485.664503,4123767.11426
302485.594603,4123766.98235
302485.524946,4123766.85068
302485.455404,4123766.71921
302485.386023,4123766.58802
302485.316759,4123766.45704
302485.247566,4123766.32627
302485.178467,4123766.19572
302485.109425,4123766.06527
302485.040417,4123765.93492
302484.971426,4123765.80468
302484.902438,4123765.67454
302484.833441,4123765.54455
302484.764434,4123765.4146
302484.695399,4123765.28484
302484.626397,4123765.1552
302484.557418,4123765.02573
302484.488453,4123764.89633
302484.419413,4123764.7671
302484.350313,4123764.63799
302484.281215,4123764.50901
302484.212055,4123764.38009
302484.142856,4123764.25127
302484.073591,4123764.12255
302484.00426,4123763.99392
302483.934833,4123763.86546
302483.865277,4123763.73711
302483.7956,4123763.60896
302483.725834,4123763.4809
302483.656031,4123763.35299
302483.586156,4123763.22519
302483.516158,4123763.09747
302483.446004,4123762.9698
302483.375712,4123762.84217
302483.305283,4123762.7146
302483.234698,4123762.58709
302483.164039,4123762.45967
302483.093245,4123762.33233
302483.022389,4123762.20511
302482.951407,4123762.07796
302482.880293,4123761.95085
302482.809077,4123761.82376
302482.737696,4123761.69663
302482.666167,4123761.56947
302482.594463,4123761.4423
302482.522647,4123761.3151
302482.450645,4123761.18787
302482.378445,4123761.06052
302482.306052,4123760.93305
302482.23348,4123760.80545
302482.16072,4123760.67776
302482.087753,4123760.54988
302482.014596,4123760.42189
302481.941284,4123760.29377
302481.867825,4123760.16554
302481.794212,4123760.03728
302481.720456,4123759.90898
302481.64654,4123759.7806
302481.572529,4123759.65217
302481.49843,4123759.52373
302481.424203,4123759.39523
302481.349853,4123759.26669
302481.275432,4123759.13815
302481.200931,4123759.00957
302481.126399,4123758.88097
302481.051825,4123758.7523
302480.977204,4123758.6236
302480.902614,4123758.49483
302480.828015,4123758.36601
302480.753421,4123758.2371
302480.67882,4123758.1081
302480.604242,4123757.97904
302480.529734,4123757.84989
302480.455246,4123757.72075
302480.380711,4123757.59157
302480.306188,4123757.46231
302480.231643,4123757.33306
302480.157095,4123757.20378
302480.082503,4123757.07451
302480.007902,4123756.94526
302479.933262,4123756.81606
302479.858606,4123756.68686
302479.783916,4123756.55771
302479.709183,4123756.42861
302479.634404,4123756.29952
302479.559614,4123756.17043
302479.484759,4123756.04139
302479.409869,4123755.91238
302479.334975,4123755.78345
302479.260068,4123755.65461
302479.185137,4123755.52587
302479.110187,4123755.3972
302479.035276,4123755.26869
302478.960369,4123755.14028
302478.885502,4123755.01197
302478.810659,4123754.88377
302478.735832,4123754.75567
302478.661002,4123754.62765
302478.58616,4123754.49963
302478.511331,4123754.3716
302478.436514,4123754.24352
302478.361729,4123754.11537
302478.286964,4123753.9872
302478.21222,4123753.85896
302478.137517,4123753.73074
302478.06286,4123753.60245
302477.988307,4123753.47407
302477.913836,4123753.3455
302477.839412,4123753.21682
302477.76493,4123753.088
302477.690462,4123752.95908
302477.615998,4123752.83007
302477.541538,4123752.70097
302477.467133,4123752.57182
302477.392812,4123752.44265
302477.318548,4123752.31347
302477.244407,4123752.18429
302477.17038,4123752.0551
302477.096467,4123751.9259
302477.022711,4123751.79677
302476.949135,4123751.6677
302476.875807,4123751.53867
302476.802771,4123751.40977
302476.730055,4123751.281
302476.657679,4123751.1524
302476.58559,4123751.02405
302476.513777,4123750.89592
302476.442229,4123750.76809
302476.370945,4123750.64046
302476.299926,4123750.51307
302476.229225,4123750.38589
302476.158829,4123750.2589
302476.088737,4123750.13205
302476.01901,4123750.0054
302475.949592,4123749.87898
302475.88049,4123749.75274
302475.811776,4123749.62663
302475.743428,4123749.50066
302475.675456,4123749.37476
302475.607835,4123749.249
302475.540626,4123749.12346
302475.4738,4123748.99808
302475.407347,4123748.87291
302475.341179,4123748.74791
302475.275279,4123748.62311
302475.209635,4123748.49841
302475.144239,4123748.37386
302475.079087,4123748.24948
302475.014126,4123748.12527
302474.949356,4123748.00133
302474.884735,4123747.87762
302474.820189,4123747.75408
302474.75575,4123747.63065
302474.691461,4123747.50738
302474.627194,4123747.38419
302474.563001,4123747.26105
302474.498809,4123747.13801
302474.434647,4123747.01499
302474.370489,4123746.89205
302474.30635,4123746.76914
302474.242148,4123746.64622
302474.177903,4123746.52325
302474.113554,4123746.40022
302474.049126,4123746.27713
302473.984577,4123746.15396
302473.919954,4123746.03066
302473.855241,4123745.90733
302473.790427,4123745.78387
302473.725556,4123745.66042
302473.660607,4123745.53683
302473.595515,4123745.41311
302473.530319,4123745.28927
302473.464981,4123745.16526
302473.399491,4123745.04116
302473.333895,4123744.91686
302473.268179,4123744.79244
302473.202327,4123744.66786
302473.136386,4123744.54315
302473.07035,4123744.4183
302473.004176,4123744.29332
302472.937877,4123744.16818
302472.871503,4123744.04282
302472.805069,4123743.91729
302472.738458,4123743.79157
302472.67179,4123743.66572
302472.605002,4123743.53967
302472.538082,4123743.41346
302472.471024,4123743.28704
302472.403819,4123743.1604
302472.336518,4123743.03352
302472.269081,4123742.90641
302472.201504,4123742.77908
302472.133809,4123742.65145
302472.066002,4123742.5236
302471.998105,4123742.39552
302471.93013,4123742.2672
302471.862065,4123742.1387
302471.793919,4123742.01
302471.725711,4123741.88115
302471.657441,4123741.75216
302471.589107,4123741.62302
302471.52072,4123741.49385
302471.452254,4123741.36461
302471.383738,4123741.23532
302471.315204,4123741.10594
302471.24667,4123740.97652
302471.178126,4123740.84706
302471.109582,4123740.71754
302471.04098,4123740.58802
302470.972358,4123740.45848
302470.903691,4123740.32894
302470.834944,4123740.19936
302470.76619,4123740.06975
302470.697446,4123739.94012
302470.62864,4123739.81043
302470.559812,4123739.68067
302470.490881,4123739.55081
302470.4219,4123739.4208
302470.352889,4123739.29073
302470.283796,4123739.16058
302470.21473,4123739.03032
302470.145696,4123738.89995
302470.076692,4123738.76949
302470.007793,4123738.63902
302469.938935,4123738.50845
302469.870074,4123738.37784
302469.801206,4123738.24724
302469.732372,4123738.11663
302469.663432,4123737.98605
302469.594473,4123737.85541
302469.525487,4123737.72478
302469.456481,4123737.59416
302469.387402,4123737.46358
302469.318248,4123737.33296
302469.249037,4123737.20238
302469.179763,4123737.07185
302469.110442,4123736.94132
302469.041068,4123736.81086
302468.971666,4123736.68047
302468.902243,4123736.55015
302468.832778,4123736.41996
302468.76326,4123736.28981
302468.693704,4123736.15968
302468.624097,4123736.0296
302468.554367,4123735.89952
302468.484578,4123735.76949
302468.414734,4123735.63952
302468.344842,4123735.5096
302468.2749,4123735.37966
302468.204896,4123735.24976
302468.134862,4123735.1199
302468.064802,4123734.99008
302467.994689,4123734.86025
302467.924505,4123734.7304
302467.854262,4123734.60057
302467.783944,4123734.47075
302467.713555,4123734.3409
302467.643106,4123734.21111
302467.572567,4123734.08131
302467.501931,4123733.95144
302467.431226,4123733.82153
302467.360443,4123733.6916
302467.289614,4123733.56164
302467.218685,4123733.43159
302467.147693,4123733.30147
302467.076605,4123733.17124
302467.005443,4123733.04093
302466.934159,4123732.91046
302466.862753,4123732.77988
302466.791205,4123732.64918
302466.719514,4123732.51834
302466.647616,4123732.38726
302466.5756,4123732.25611
302466.503419,4123732.12484
302466.431071,4123731.99342
302466.358568,4123731.86181
302466.285893,4123731.73004
302466.213039,4123731.59811
302466.140018,4123731.46606
302466.066817,4123731.33384
302465.993465,4123731.20147
302465.919897,4123731.06894
302465.846211,4123730.9363
302465.7724,4123730.8035
302465.698457,4123730.67065
302465.624366,4123730.53764
302465.550097,4123730.40448
302465.475686,4123730.27116
302465.401106,4123730.13772
302465.326359,4123730.00412
302465.251461,4123729.87035
302465.176428,4123729.7364
302465.101238,4123729.60236
302465.025922,4123729.46818
302464.95048,4123729.33389
302464.874863,4123729.19941
302464.799103,4123729.06483
302464.723173,4123728.9301
302464.647163,4123728.79522
302464.570994,4123728.66013
302464.494737,4123728.52484
302464.418388,4123728.38941
302464.34197,4123728.25388
302464.265478,4123728.11826
302464.188962,4123727.98262
302464.112397,4123727.84692
302464.035729,4123727.71111
302463.959004,4123727.57523
302463.882144,4123727.43919
302463.805186,4123727.30302
302463.728137,4123727.16681
302463.651006,4123727.03066
302463.573813,4123726.89452
302463.49664,4123726.75847
302463.419471,4123726.62256
302463.342302,4123726.48678
302463.265168,4123726.35124
302463.188026,4123726.21584
302463.110903,4123726.08069
302463.033829,4123725.94574
302462.956764,4123725.81099
302462.879741,4123725.6764
302462.802756,4123725.54203
302462.725804,4123725.40782
302462.648876,4123725.27367
302462.572038,4123725.13969
302462.495221,4123725.00589
302462.418478,4123724.87223
302462.341794,4123724.73872
302462.265166,4123724.60537
302462.188654,4123724.47224
302462.112218,4123724.33927
302462.035975,4123724.2065
302461.959921,4123724.07392
302461.884067,4123723.94149
302461.808432,4123723.80927
302461.732979,4123723.67731
302461.657739,4123723.54564
302461.582714,4123723.41419
302461.507917,4123723.28295
302461.433348,4123723.1519
302461.359031,4123723.02101
302461.284981,4123722.89034
302461.211243,4123722.75995
302461.137704,4123722.62982
302461.064377,4123722.49989
302460.991191,4123722.37014
302460.918153,4123722.2405
302460.845229,4123722.11108
302460.772406,4123721.9818
302460.699638,4123721.85259
302460.626896,4123721.72349
302460.554152,4123721.59448
302460.481353,4123721.46542
302460.408497,4123721.33645
302460.335614,4123721.20742
302460.262676,4123721.07846
302460.18963,4123720.94947
302460.116411,4123720.82044
302460.043095,4123720.69132
302459.969641,4123720.56214
302459.896073,4123720.43294
302459.822405,4123720.30376
302459.748587,4123720.17448
302459.674645,4123720.04518
302459.600565,4123719.91575
302459.526262,4123719.78621
302459.451787,4123719.65651
302459.377099,4123719.52668
302459.302236,4123719.39669
302459.227187,4123719.26656
302459.151928,4123719.13628
302459.076484,4123719.00584
302459.000852,4123718.87526
302458.925011,4123718.74449
302458.848989,4123718.6135
302458.772814,4123718.48236
302458.696491,4123718.35108
302458.620065,4123718.21973
302458.543536,4123718.08839
302458.466908,4123717.95696
302458.390246,4123717.82545
302458.31347,4123717.69382
302458.236573,4123717.56203
302458.159637,4123717.43013
302458.082664,4123717.2982
302458.005685,4123717.16616
302457.928768,4123717.03413
302457.851911,4123716.9021
302457.775078,4123716.77
302457.698316,4123716.63789
302457.621609,4123716.50576
302457.545055,4123716.37363
302457.46869,4123716.24155
302457.392538,4123716.10943
302457.316601,4123715.97727
302457.241033,4123715.84517
302457.165784,4123715.71299
302457.090935,4123715.58071
302457.016576,4123715.44837
302456.942717,4123715.31595
302456.869351,4123715.18346
302456.796499,4123715.05088
302456.724103,4123714.91826
302456.652002,4123714.78554
302456.580204,4123714.65276
302456.508626,4123714.52004
302456.437183,4123714.3874
302456.365829,4123714.2549
302456.294543,4123714.1225
302456.223284,4123713.9902
302456.152034,4123713.85797
302456.08079,4123713.72584
302456.009544,4123713.59371
302455.938305,4123713.46159
302455.866879,4123713.32933
302455.795306,4123713.19686
302455.723614,4123713.06418
302455.651784,4123712.93129
302455.579698,4123712.79807
302455.507405,4123712.66452
302455.43498,4123712.53068
302455.362354,4123712.39658
302455.289645,4123712.2622
302455.216771,4123712.12763
302455.143787,4123711.99286
302455.070698,4123711.85809
302454.997499,4123711.72299
302454.924247,4123711.58792
302454.850847,4123711.45284
302454.777312,4123711.31768
302454.703696,4123711.18245
302454.630006,4123711.04711
302454.556213,4123710.91184
302454.48238,4123710.77652
302454.40846,4123710.64118
302454.334488,4123710.50587
302454.260554,4123710.37053
302454.186626,4123710.23519
302454.112636,4123710.09981
302454.038648,4123709.96428
302453.964716,4123709.82869
302453.890893,4123709.69314
302453.816904,4123709.55752
302453.742953,4123709.42189
302453.668979,4123709.28639
302453.594981,4123709.15082
302453.520979,4123709.01535
302453.44694,4123708.8799
302453.372798,4123708.74449
302453.298621,4123708.609
302453.224504,4123708.47353
302453.150288,4123708.33802
302453.076022,4123708.20253
302453.001761,4123708.06711
302452.927355,4123707.93167
302452.853001,4123707.79618
302452.778633,4123707.66072
302452.704149,4123707.52519
302452.629617,4123707.38965
302452.55505,4123707.25404
302452.480478,4123707.11836
302452.405907,4123706.98261
302452.331369,4123706.84677
302452.256865,4123706.71087
302452.182398,4123706.57502
302452.107886,4123706.43922
302452.033384,4123706.30343
302451.958795,4123706.16766
302451.884145,4123706.03176
302451.80947,4123705.89588
302451.734796,4123705.75996
302451.660113,4123705.624
302451.585467,4123705.48796
302451.510803,4123705.35193
302451.436123,4123705.21592
302451.361432,4123705.07982
302451.286775,4123704.94379
302451.21216,4123704.80789
302451.137545,4123704.67208
302451.062918,4123704.5364
302450.988235,4123704.40088
302450.913484,4123704.26556
302450.838659,4123704.13039
302450.76367,4123703.99545
302450.688637,4123703.8607
302450.613481,4123703.72613
302450.538288,4123703.59185
302450.46307,4123703.4578
302450.387839,4123703.32408
302450.312585,4123703.19063
302450.237275,4123703.05748
302450.161877,4123702.92476
302450.086375,4123702.79236
302450.010825,4123702.66028
302449.935224,4123702.52861
302449.859564,4123702.3973
302449.783805,4123702.26636
302449.707939,4123702.13583
302449.631877,4123702.0056
302449.555599,4123701.87564
302449.479176,4123701.74605
302449.402585,4123701.61678
302449.325684,4123701.48783
302449.248443,4123701.35908
302449.170814,4123701.23066
302449.092836,4123701.10239
302449.014567,4123700.97433
302448.936016,4123700.84645
302448.857084,4123700.71876
302448.77775,4123700.59118
302448.697996,4123700.46376
302448.617807,4123700.33647
302448.537173,4123700.2094
302448.456105,4123700.08252
302448.374595,4123699.95578
302448.292688,4123699.82927
302448.210346,4123699.70302
302448.127509,4123699.577
302448.044149,4123699.45123
302447.960243,4123699.32569
302447.875856,4123699.20035
302447.791087,4123699.07522
302447.705973,4123698.95022
302447.620643,4123698.82547
302447.53505,4123698.70084
302447.449177,4123698.57639
302447.363089,4123698.45223
302447.276785,4123698.32834
302447.190334,4123698.20476
302447.103719,4123698.08153
302447.016857,4123697.95862
302446.929805,4123697.83609
302446.842601,4123697.71398
302446.755203,4123697.59229
302446.667623,4123697.47107
302446.579803,4123697.35026
302446.491796,4123697.22986
302446.403606,4123697.11002
302446.315199,4123696.99068
302446.226616,4123696.87188
302446.137832,4123696.75365
302446.048804,4123696.63578
302445.959583,4123696.5184
302445.870043,4123696.40146
302445.780212,4123696.2848
302445.690139,4123696.16858
302445.599854,4123696.0527
302445.509406,4123695.93731
302445.418777,4123695.82218
302445.32802,4123695.70745
302445.23713,4123695.59289
302445.146083,4123695.47862
302445.054874,4123695.36452
302444.963581,4123695.25077
302444.87216,4123695.13713
302444.780601,4123695.02382
302444.688821,4123694.91059
302444.596923,4123694.79766
302444.504853,4123694.685
302444.412541,4123694.57248
302444.320075,4123694.46018
302444.227413,4123694.34818
302444.134538,4123694.23631
302444.041442,4123694.12468
302443.948195,4123694.01327
302443.854792,4123693.90216
302443.761251,4123693.79115
302443.667639,4123693.68022
302443.574044,4123693.56937
302443.480546,4123693.45863
302443.387048,4123693.34799
302443.293566,4123693.23755
302443.200003,4123693.12725
302443.106376,4123693.01708
302443.012753,4123692.90691
302442.919053,4123692.79675
