346250.080862,4069679.74489
346250.094739,4069679.75518
346250.110657,4069679.77136
346250.131277,4069679.79244
346250.156367,4069679.82214
346250.183973,4069679.84273
346250.22227,4069679.86202
346250.263569,4069679.90751
346250.314242,4069679.95284
346250.364476,4069679.99041
346250.418368,4069680.03272
346250.4708,4069680.08486
346250.508652,4069680.11248
346250.559846,4069680.15373
346250.607483,4069680.19579
346250.648144,4069680.23889
346250.691621,4069680.28139
346250.733184,4069680.31671
346250.782517,4069680.36207
346250.832422,4069680.40611
346250.87002,4069680.43614
346250.928911,4069680.48336
346250.982923,4069680.53233
346251.046901,4069680.58925
346251.106524,4069680.64404
346251.160151,4069680.68821
346251.215083,4069680.74696
346251.273013,4069680.79863
346251.334433,4069680.87059
346251.38804,4069680.90532
346251.442293,4069680.95114
346251.505881,4069681.01122
346251.574087,4069681.07159
346251.636563,4069681.11948
346251.694503,4069681.18003
346251.752413,4069681.23059
346251.815875,4069681.29197
346251.873461,4069681.34106
346251.931947,4069681.39882
346252.007649,4069681.4622
346252.07487,4069681.5174
346252.140729,4069681.57966
346252.219411,4069681.65149
346252.293188,4069681.71546
346252.365717,4069681.78444
346252.448986,4069681.84657
346252.517401,4069681.91026
346252.59358,4069681.97529
346252.686754,4069682.06684
346252.744046,4069682.11612
346252.836219,4069682.2099
346252.900449,4069682.27256
346252.988467,4069682.35051
346253.071371,4069682.42541
346253.15133,4069682.50202
346253.232969,4069682.56455
346253.316952,4069682.64979
346253.401324,4069682.72355
346253.487934,4069682.79764
346253.571361,4069682.87679
346253.648221,4069682.94661
346253.734267,4069683.0307
346253.822164,4069683.11846
346253.906321,4069683.18853
346253.987515,4069683.25939
346254.062987,4069683.33479
346254.153316,4069683.40881
346254.238413,4069683.48978
346254.31643,4069683.56606
346254.397096,4069683.64063
346254.473645,4069683.70972
346254.544031,4069683.77541
346254.619962,4069683.85155
346254.701036,4069683.91575
346254.777695,4069683.99094
346254.842916,4069684.05081
346254.917696,4069684.12086
346254.99901,4069684.19838
346255.074606,4069684.26416
346255.144744,4069684.33263
346255.227996,4069684.4103
346255.30474,4069684.48198
346255.378274,4069684.55723
346255.452458,4069684.61897
346255.521806,4069684.68486
346255.601086,4069684.75686
346255.672176,4069684.82032
346255.74449,4069684.89393
346255.815702,4069684.95591
346255.891871,4069685.02871
346255.975992,4069685.10506
346256.043329,4069685.16674
346256.116895,4069685.23552
346256.195147,4069685.30828
346256.267722,4069685.37985
346256.344462,4069685.44302
346256.422116,4069685.52394
346256.497141,4069685.59102
346256.562632,4069685.64108
346256.643715,4069685.7223
346256.710807,4069685.78694
346256.791913,4069685.86113
346256.865982,4069685.93304
346256.935103,4069686.01115
346257.010273,4069686.07805
346257.080007,4069686.14061
346257.149567,4069686.21001
346257.2222,4069686.26826
346257.289577,4069686.34048
346257.358835,4069686.40138
346257.426378,4069686.4662
346257.497018,4069686.52948
346257.562026,4069686.58584
346257.629107,4069686.65806
346257.694898,4069686.7083
346257.765551,4069686.76399
346257.836617,4069686.82616
346257.912361,4069686.88361
346257.986333,4069686.94184
346258.063472,4069686.99409
346258.138826,4069687.0547
346258.218762,4069687.11356
346258.295418,4069687.16379
346258.371796,4069687.21513
346258.449953,4069687.26606
346258.53662,4069687.31851
346258.61878,4069687.36864
346258.704126,4069687.40558
346258.792157,4069687.44284
346258.881739,4069687.48358
346258.976815,4069687.52367
346259.06522,4069687.56518
346259.163156,4069687.60707
346259.252127,4069687.63044
346259.346887,4069687.67775
346259.448928,4069687.70791
346259.544211,4069687.73468
346259.650769,4069687.76772
346259.754268,4069687.79619
346259.853564,4069687.81438
346259.96347,4069687.84329
346260.066284,4069687.85846
346260.182511,4069687.883
346260.299809,4069687.90087
346260.400727,4069687.90996
346260.501657,4069687.91148
346260.619953,4069687.92692
346260.733346,4069687.94282
346260.831366,4069687.93976
346260.940635,4069687.94149
346261.059604,4069687.94472
346261.16917,4069687.94645
346261.28635,4069687.94952
346261.40387,4069687.94666
346261.51209,4069687.93972
346261.63116,4069687.93203
346261.738079,4069687.919
346261.857663,4069687.92333
346261.96763,4069687.906
346262.086149,4069687.90072
346262.196522,4069687.88116
346262.304885,4069687.85738
346262.426844,4069687.84483
346262.533293,4069687.8222
346262.649817,4069687.81363
346262.763159,4069687.78532
346262.870825,4069687.76415
346262.995069,4069687.75452
346263.103067,4069687.72705
346263.217788,4069687.70094
346263.328366,4069687.6762
346263.443583,4069687.65285
346263.555492,4069687.61939
346263.674686,4069687.59376
346263.782984,4069687.55815
346263.892182,4069687.52289
346263.996821,4069687.48235
346264.111352,4069687.45402
346264.216498,4069687.40034
346264.33542,4069687.36786
346264.444131,4069687.32207
346264.556135,4069687.27733
346264.669872,4069687.23792
346264.785902,4069687.18533
346264.892549,4069687.13236
346265.007842,4069687.08849
346265.118522,4069687.02805
346265.239253,4069686.97205
346265.346802,4069686.91129
346265.45348,4069686.84353
346265.571543,4069686.78813
346265.686219,4069686.71819
346265.791257,4069686.65026
346265.906609,4069686.56828
346266.017975,4069686.49636
346266.134922,4069686.4286
346266.249985,4069686.35531
346266.358902,4069686.26309
346266.457038,4069686.1755
346266.57244,4069686.09629
346266.678279,4069686.00671
346266.785116,4069685.93118
346266.89395,4069685.84265
346267.002749,4069685.7521
346267.109389,4069685.66565
346267.212636,4069685.5726
346267.316643,4069685.48047
346267.420383,4069685.39
346267.511409,4069685.28774
346267.617609,4069685.19335
346267.710183,4069685.09439
346267.808542,4069684.99441
346267.900529,4069684.90415
346267.982725,4069684.80742
346268.060974,4069684.70631
346268.151316,4069684.6074
346268.238329,4069684.50539
346268.321937,4069684.4127
346268.412335,4069684.3086
346268.487922,4069684.20847
346268.575078,4069684.11442
346268.662736,4069684.01518
346268.744014,4069683.92531
346268.84382,4069683.83954
346268.946185,4069683.75538
346269.030461,4069683.65843
346269.127729,4069683.58047
346269.209026,4069683.48338
346269.29619,4069683.39802
346269.387668,4069683.31259
346269.46185,4069683.2171
346269.562073,4069683.12966
346269.636186,4069683.03862
346269.729608,4069682.95371
346269.815478,4069682.86264
346269.910368,4069682.77659
346269.987161,4069682.69382
346270.083945,4069682.60551
346270.170413,4069682.51462
346270.25358,4069682.43044
346270.33869,4069682.34679
346270.42103,4069682.258
346270.511245,4069682.17684
