346310.555516,4069634.933
346310.644656,4069634.83336
346310.73498,4069634.73334
346310.821009,4069634.64282
346310.910036,4069634.5369
346311.006933,4069634.43823
346311.092152,4069634.34403
346311.187022,4069634.24855
346311.272535,4069634.14583
346311.359473,4069634.0479
346311.452501,4069633.94931
346311.535382,4069633.84923
346311.628219,4069633.75656
346311.719092,4069633.65393
346311.809674,4069633.56001
346311.899112,4069633.46869
346311.992504,4069633.37379
346312.083592,4069633.27486
346312.174933,4069633.17352
346312.26694,4069633.07605
346312.356235,4069632.97678
346312.444715,4069632.88178
346312.536626,4069632.78728
346312.625465,4069632.68746
346312.714909,4069632.58819
346312.806833,4069632.49442
346312.897898,4069632.40252
346312.982423,4069632.30279
346313.071001,4069632.20501
346313.164644,4069632.10751
346313.25246,4069632.01697
346313.346136,4069631.92132
346313.436864,4069631.8272
346313.522033,4069631.73023
346313.612334,4069631.63723
346313.706004,4069631.54122
346313.794686,4069631.44917
346313.89074,4069631.36162
346313.983073,4069631.25749
346314.068994,4069631.16919
346314.163256,4069631.07298
346314.253233,4069630.97851
346314.343454,4069630.88108
346314.435177,4069630.78435
346314.527128,4069630.69207
346314.619571,4069630.59404
346314.712005,4069630.50378
346314.798454,4069630.40345
346314.894739,4069630.31219
346314.98754,4069630.21749
346315.076541,4069630.11841
346315.17236,4069630.02605
346315.260046,4069629.92829
346315.355984,4069629.83427
346315.442252,4069629.74042
346315.534626,4069629.64683
346315.624943,4069629.54643
346315.716655,4069629.44916
346315.809311,4069629.36296
346315.902042,4069629.26437
346315.987423,4069629.17091
346316.084142,4069629.07891
346316.168902,4069628.98397
346316.264529,4069628.88922
346316.354097,4069628.79679
346316.444854,4069628.70434
346316.531786,4069628.60604
346316.627456,4069628.51368
346316.715605,4069628.41684
346316.810035,4069628.32173
346316.900611,4069628.22744
346316.998856,4069628.1293
346317.090572,4069628.03221
346317.185412,4069627.93506
346317.279427,4069627.84163
346317.371413,4069627.74305
346317.46908,4069627.64585
346317.564482,4069627.54684
346317.65841,4069627.4486
346317.75532,4069627.35068
346317.854405,4069627.24957
346317.9474,4069627.14913
346318.038545,4069627.06166
346318.123602,4069626.96672
346318.208694,4069626.88196
346318.290118,4069626.7919
346318.379415,4069626.70095
346318.460459,4069626.60627
346318.552761,4069626.51694
346318.638899,4069626.4242
346318.729094,4069626.32529
346318.811356,4069626.24039
346318.905077,4069626.15547
346318.986168,4069626.0717
346319.064994,4069625.98612
346319.148981,4069625.89786
346319.2309,4069625.8187
346319.309847,4069625.72332
346319.390417,4069625.64363
346319.48095,4069625.55525
346319.564435,4069625.47218
346319.64746,4069625.38006
346319.730832,4069625.2907
346319.820343,4069625.20345
346319.91069,4069625.10472
346320.000417,4069625.01284
346320.09742,4069624.92009
346320.194422,4069624.81902
346320.290204,4069624.72463
346320.383833,4069624.60975
346320.490504,4069624.50018
346320.591777,4069624.3883
346320.703342,4069624.27772
346320.805577,4069624.16971
346320.907571,4069624.06485
346321.008755,4069623.96463
346321.113103,4069623.85825
346321.215764,4069623.74912
346321.324201,4069623.63009
346321.437309,4069623.5143
346321.547035,4069623.40079
346321.656232,4069623.28267
346321.766315,4069623.17249
346321.867115,4069623.05914
346321.973506,4069622.9505
346322.082396,4069622.84015
346322.184003,4069622.7303
346322.287702,4069622.62097
346322.385054,4069622.51453
346322.490401,4069622.41405
346322.585462,4069622.30432
346322.682377,4069622.19844
346322.782458,4069622.10305
346322.880346,4069622.00159
346322.975093,4069621.89927
346323.062177,4069621.80115
346323.158664,4069621.70453
346323.248552,4069621.60506
346323.340839,4069621.50667
346323.433171,4069621.41067
346323.524338,4069621.31618
346323.615115,4069621.21652
346323.705571,4069621.11556
346323.797214,4069621.02273
346323.887849,4069620.92343
346323.98071,4069620.83206
346324.066352,4069620.73655
346324.160066,4069620.64294
346324.246241,4069620.55224
346324.343915,4069620.45541
346324.431063,4069620.36913
346324.518997,4069620.26859
346324.612668,4069620.18089
346324.699452,4069620.09092
346324.794588,4069620.01023
346324.88169,4069619.92968
346324.971097,4069619.84484
346325.068921,4069619.76465
346325.156661,4069619.67818
346325.252678,4069619.60505
346325.352244,4069619.52243
346325.439301,4069619.44762
346325.538593,4069619.3663
346325.639103,4069619.29476
346325.744224,4069619.21481
346325.845117,4069619.13975
346325.952233,4069619.07142
346326.054756,4069618.99596
346326.157978,4069618.92622
346326.265448,4069618.86103
346326.365341,4069618.80486
346326.469849,4069618.74046
346326.574541,4069618.69455
346326.691652,4069618.63585
346326.78901,4069618.57935
346326.902462,4069618.52403
346327.013319,4069618.47339
346327.144658,4069618.41961
346327.254437,4069618.36696
346327.368931,4069618.31995
346327.501004,4069618.2656
346327.609582,4069618.22887
346327.730688,4069618.17712
346327.865833,4069618.13641
346327.983367,4069618.10118
346328.109718,4069618.0597
346328.244412,4069618.02694
346328.366528,4069617.98997
346328.505992,4069617.95768
346328.636527,4069617.92537
346328.757444,4069617.89619
346328.901055,4069617.87104
346329.032036,4069617.84704
346329.164684,4069617.82468
346329.305294,4069617.80643
346329.434746,4069617.7967
346329.58101,4069617.77835
346329.720219,4069617.77326
346329.855678,4069617.75824
346329.994721,4069617.7439
346330.12695,4069617.73135
346330.274243,4069617.72056
346330.414437,4069617.71231
346330.547424,4069617.70881
346330.686454,4069617.69373
346330.826789,4069617.70156
346330.964203,4069617.69594
346331.097647,4069617.70131
346331.238629,4069617.70377
346331.372626,4069617.70672
346331.512213,4069617.71439
346331.648786,4069617.72821
346331.783994,4069617.74057
346331.921658,4069617.75715
346332.047678,4069617.77171
346332.197312,4069617.80009
346332.334297,4069617.82852
346332.465718,4069617.86204
346332.59974,4069617.89126
346332.735068,4069617.9186
346332.868504,4069617.97317
346333.009973,4069618.01095
346333.139868,4069618.05892
346333.266532,4069618.10104
346333.395539,4069618.15753
346333.522448,4069618.20501
346333.656831,4069618.26252
346333.787586,4069618.31695
346333.905523,4069618.37032
346334.039608,4069618.42784
346334.175562,4069618.49827
346334.295052,4069618.57177
346334.418689,4069618.62762
346334.550083,4069618.71756
346334.678869,4069618.78664
346334.7859,4069618.87904
346334.90705,4069618.96213
346335.016717,4069619.03563
346335.134162,4069619.11952
346335.248715,4069619.21642
346335.349698,4069619.30357
346335.46583,4069619.38897
346335.575905,4069619.47688
346335.679875,4069619.57286
346335.787792,4069619.66488
346335.883443,4069619.76175
346335.994189,4069619.84558
346336.095885,4069619.94751
346336.203084,4069620.04103
346336.299826,4069620.13232
346336.410185,4069620.24428
346336.512508,4069620.33973
346336.624965,4069620.43592
346336.724069,4069620.54271
346336.828713,4069620.64312
346336.931141,4069620.75262
346337.032893,4069620.8577
346337.145781,4069620.94483
346337.2459,4069621.05012
346337.342482,4069621.15733
346337.43621,4069621.26311
346337.556106,4069621.35917
346337.642175,4069621.45288
346337.756678,4069621.547
346337.859611,4069621.6515
346337.962612,4069621.75156
346338.066407,4069621.85439
346338.164402,4069621.94918
346338.271073,4069622.0464
346338.369866,4069622.14413
346338.476058,4069622.24784
346338.574214,4069622.33504
346338.672356,4069622.43797
346338.768915,4069622.52742
346338.878543,4069622.6318
346338.969611,4069622.72209
346339.073121,4069622.81733
346339.171888,4069622.92191
346339.278039,4069623.01507
346339.372663,4069623.12102
346339.473755,4069623.20595
346339.566151,4069623.31212
346339.661437,4069623.39697
346339.758147,4069623.49475
346339.858737,4069623.58486
346339.957007,4069623.68668
346340.048607,4069623.77344
346340.146365,4069623.87157
346340.2436,4069623.96544
346340.340933,4069624.05655
346340.439225,4069624.14301
346340.53194,4069624.23382
346340.62285,4069624.33188
346340.719482,4069624.41708
346340.815946,4069624.50949
346340.898339,4069624.59735
346340.999211,4069624.69486
346341.091419,4069624.78235
346341.188799,4069624.86772
346341.275612,4069624.96141
346341.376314,4069625.0495
346341.465194,4069625.14223
346341.56394,4069625.23737
346341.649317,4069625.31741
346341.735235,4069625.41094
346341.833093,4069625.49814
346341.915982,4069625.58876
346342.004457,4069625.66726
346342.09906,4069625.76378
346342.176321,4069625.84766
346342.272064,4069625.93305
346342.358411,4069626.02565
346342.446261,4069626.10249
346342.528316,4069626.18814
