346293.167852,4069653.57272
346293.236942,4069653.49712
346293.30606,4069653.42149
346293.375236,4069653.34581
346293.444501,4069653.27006
346293.513882,4069653.19421
346293.583409,4069653.11824
346293.653105,4069653.04215
346293.722993,4069652.96592
346293.793095,4069652.88954
346293.863428,4069652.81301
346293.934007,4069652.73632
346294.004845,4069652.65946
346294.075953,4069652.58244
346294.147343,4069652.50526
346294.219026,4069652.42791
346294.29101,4069652.35041
346294.3633,4069652.27275
346294.435902,4069652.19495
346294.508817,4069652.11701
346294.582046,4069652.03894
346294.655589,4069651.96074
346294.729443,4069651.88241
346294.803606,4069651.80397
346294.878075,4069651.72542
346294.952844,4069651.64676
346295.027909,4069651.568
346295.10326,4069651.48915
346295.178887,4069651.4102
346295.254782,4069651.33115
346295.330931,4069651.252
346295.407323,4069651.17276
346295.483943,4069651.09342
346295.560778,4069651.01398
346295.637813,4069650.93444
346295.715037,4069650.85481
346295.792436,4069650.77508
346295.869997,4069650.69527
346295.947705,4069650.61537
346296.025545,4069650.53539
346296.103502,4069650.45533
346296.181564,4069650.3752
346296.259715,4069650.29499
346296.337943,4069650.21471
346296.416242,4069650.13437
346296.494603,4069650.05396
346296.573022,4069649.97349
346296.651495,4069649.89295
346296.730018,4069649.81233
346296.808592,4069649.73163
346296.887217,4069649.65084
346296.965898,4069649.56994
346297.044639,4069649.48893
346297.123444,4069649.40778
346297.202319,4069649.3265
346297.28127,4069649.24507
346297.360299,4069649.16347
346297.439412,4069649.0817
346297.518612,4069648.99975
346297.597902,4069648.9176
346297.677287,4069648.83526
346297.75677,4069648.7527
346297.836355,4069648.66993
346297.916044,4069648.58694
346297.995841,4069648.50372
346298.075747,4069648.42028
346298.155765,4069648.33661
346298.235896,4069648.25273
346298.316136,4069648.16862
346298.396487,4069648.08429
346298.476949,4069647.99976
346298.55752,4069647.91502
346298.638203,4069647.83008
346298.719001,4069647.74495
346298.799916,4069647.65962
346298.880953,4069647.5741
346298.962115,4069647.4884
346299.043406,4069647.40253
346299.124829,4069647.31649
346299.206388,4069647.23028
346299.288084,4069647.14393
346299.369919,4069647.05743
346299.451897,4069646.9708
346299.534016,4069646.88404
346299.616275,4069646.79718
346299.698672,4069646.71021
346299.781203,4069646.62317
346299.863863,4069646.53605
346299.946646,4069646.44888
346300.029546,4069646.36166
346300.112555,4069646.27442
346300.195667,4069646.18717
346300.278871,4069646.0999
346300.362158,4069646.01264
346300.445518,4069645.92538
346300.528937,4069645.83814
346300.612402,4069645.75091
346300.695898,4069645.6637
346300.779416,4069645.57651
346300.862941,4069645.48933
346300.946465,4069645.40215
346301.029981,4069645.31498
346301.113485,4069645.2278
346301.196977,4069645.14061
346301.280458,4069645.05342
346301.363932,4069644.9662
346301.447404,4069644.87896
346301.530881,4069644.7917
346301.614372,4069644.70441
346301.697885,4069644.61709
346301.781432,4069644.52973
346301.865022,4069644.44233
346301.948665,4069644.3549
346302.032369,4069644.26741
346302.116142,4069644.17988
346302.199989,4069644.0923
346302.283914,4069644.00466
346302.367922,4069643.91695
346302.452018,4069643.82918
346302.536207,4069643.74134
346302.620496,4069643.65342
346302.704886,4069643.56542
346302.789379,4069643.47732
346302.873973,4069643.38911
346302.958666,4069643.30078
346303.043454,4069643.21234
346303.128335,4069643.12376
346303.213305,4069643.03504
346303.29836,4069642.94619
346303.383495,4069642.85719
346303.468706,4069642.76804
346303.553993,4069642.67875
346303.63935,4069642.58932
346303.724777,4069642.49975
346303.810271,4069642.41004
346303.89583,4069642.32021
346303.981452,4069642.23025
346304.067134,4069642.14019
346304.152874,4069642.05001
346304.238667,4069641.95975
346304.324512,4069641.86941
346304.410403,4069641.77901
346304.49634,4069641.68855
346304.582319,4069641.59806
346304.668338,4069641.50754
346304.754393,4069641.417
346304.840484,4069641.32645
346304.926611,4069641.23591
346305.012772,4069641.14537
346305.098965,4069641.05485
346305.185187,4069640.96435
346305.271433,4069640.87387
346305.357699,4069640.78342
346305.443982,4069640.693
346305.530277,4069640.60261
346305.616582,4069640.51225
346305.702893,4069640.42194
346305.789205,4069640.33167
346305.875512,4069640.24145
346305.961806,4069640.15127
346306.048081,4069640.06114
346306.134329,4069639.97105
346306.22054,4069639.881
346306.306703,4069639.79099
346306.392805,4069639.70102
346306.478834,4069639.61108
346306.564778,4069639.52119
346306.650627,4069639.43133
346306.736374,4069639.34151
346306.822009,4069639.25173
346306.907526,4069639.16198
346306.992917,4069639.07227
346307.07818,4069638.9826
346307.163311,4069638.89296
346307.24831,4069638.80336
346307.333173,4069638.7138
346307.417901,4069638.62427
346307.502494,4069638.53478
346307.586951,4069638.44532
346307.671273,4069638.35591
346307.755461,4069638.26653
346307.839515,4069638.17719
346307.923438,4069638.08789
346308.007235,4069637.99863
346308.090912,4069637.90941
346308.174476,4069637.82022
346308.257937,4069637.73107
346308.341305,4069637.64195
346308.424593,4069637.55286
346308.507813,4069637.46379
346308.590974,4069637.37475
346308.674088,4069637.28572
346308.757164,4069637.19671
346308.84021,4069637.10771
346308.923233,4069637.01871
346309.006241,4069636.92971
346309.089243,4069636.84069
346309.172249,4069636.75165
346309.255272,4069636.66258
346309.338326,4069636.57346
346309.421423,4069636.4843
346309.504574,4069636.39507
346309.587789,4069636.30577
346309.671075,4069636.21638
346309.754437,4069636.12688
346309.837877,4069636.03726
346309.921394,4069635.9475
346310.004989,4069635.85759
346310.08866,4069635.76751
346310.172406,4069635.67726
346310.256226,4069635.58682
346310.34012,4069635.49619
346310.424086,4069635.40537
346310.508122,4069635.31434
346310.592225,4069635.22312
346310.676392,4069635.13169
346310.760621,4069635.04005
346310.844908,4069634.94823
346310.92925,4069634.85621
346311.013645,4069634.76401
346311.098088,4069634.67164
346311.182577,4069634.5791
346311.267111,4069634.48642
346311.351686,4069634.39359
346311.436303,4069634.30064
346311.520961,4069634.20757
346311.605663,4069634.11439
346311.690408,4069634.02112
346311.775197,4069633.92777
346311.860028,4069633.83435
346311.944899,4069633.74088
346312.02981,4069633.64736
346312.114757,4069633.55381
346312.199739,4069633.46025
346312.28475,4069633.36669
346312.369786,4069633.27314
346312.454842,4069633.17962
346312.539914,4069633.08613
346312.624998,4069632.99268
346312.710092,4069632.89929
346312.795196,4069632.80596
346312.880313,4069632.7127
346312.965445,4069632.61952
346313.050596,4069632.52642
346313.135773,4069632.43342
346313.22098,4069632.34052
346313.306221,4069632.24772
346313.391502,4069632.15504
346313.47683,4069632.06248
346313.56221,4069631.97005
346313.647648,4069631.87776
346313.733149,4069631.78563
346313.818718,4069631.69366
346313.904357,4069631.60185
346313.990067,4069631.51023
346314.075848,4069631.41879
346314.161702,4069631.32755
346314.247627,4069631.23653
346314.333622,4069631.14572
346314.419683,4069631.05514
346314.505805,4069630.96481
346314.591982,4069630.87473
346314.678205,4069630.78492
346314.764461,4069630.69539
346314.850739,4069630.60616
346314.937026,4069630.51724
346315.023306,4069630.42864
346315.109565,4069630.34038
346315.195785,4069630.25246
346315.281949,4069630.1649
346315.368038,4069630.07769
346315.454036,4069629.99085
346315.539925,4069629.90438
346315.625688,4069629.81828
346315.711309,4069629.73256
346315.796773,4069629.64721
346315.882061,4069629.56224
346315.967155,4069629.47765
346316.052039,4069629.39343
346316.136694,4069629.30958
346316.221103,4069629.22611
346316.30525,4069629.14301
346316.389116,4069629.06027
346316.472685,4069628.9779
346316.555936,4069628.89588
346316.638854,4069628.81422
346316.721417,4069628.73292
346316.803608,4069628.65198
346316.885406,4069628.57139
346316.966794,4069628.49116
346317.047751,4069628.4113
346317.128259,4069628.3318
346317.208302,4069628.25266
346317.287865,4069628.1739
346317.366934,4069628.09553
346317.445495,4069628.01755
346317.523536,4069627.93997
346317.601046,4069627.86279
346317.678019,4069627.78604
346317.75445,4069627.7097
346317.83034,4069627.63377
346317.905697,4069627.55826
346317.98053,4069627.48314
346318.054855,4069627.40841
346318.128687,4069627.33406
346318.202048,4069627.26007
346318.274955,4069627.18643
346318.347428,4069627.11312
346318.419489,4069627.04011
346318.491159,4069626.9674
346318.562466,4069626.89495
346318.633442,4069626.82274
346318.704126,4069626.75072
346318.774561,4069626.67887
346318.844799,4069626.60713
346318.91489,4069626.53546
346318.984891,4069626.4638
346319.054855,4069626.39211
346319.124837,4069626.32033
346319.194894,4069626.24841
346319.26508,4069626.17631
346319.335449,4069626.10398
346319.406053,4069626.03138
346319.476944,4069625.95847
346319.548172,4069625.88521
346319.619785,4069625.81157
346319.691828,4069625.73751
346319.764343,4069625.66299
346319.837369,4069625.58798
346319.910942,4069625.51247
346319.985097,4069625.43641
346320.059864,4069625.3598
346320.135269,4069625.28261
346320.211326,4069625.20482
346320.288046,4069625.12645
346320.365428,4069625.04749
346320.443465,4069624.96796
346320.522142,4069624.88786
346320.601437,4069624.80724
346320.681325,4069624.72611
346320.761779,4069624.64452
346320.842772,4069624.56248
346320.924271,4069624.48003
346321.006238,4069624.39721
346321.088633,4069624.31404
346321.171408,4069624.23058
346321.254511,4069624.14687
346321.337881,4069624.06295
346321.421453,4069623.97888
346321.505159,4069623.8947
346321.588932,4069623.81048
