302603.840673,4124040.79657
302603.844975,4124040.95669
302603.849402,4124041.11657
302603.853919,4124041.27617
302603.858516,4124041.43545
302603.863167,4124041.59434
302603.867811,4124041.75293
302603.872573,4124041.91133
302603.877451,4124042.06963
302603.882311,4124042.22768
302603.887228,4124042.38552
302603.892141,4124042.54314
302603.89701,4124042.70051
302603.901829,4124042.85768
302603.90661,4124043.01461
302603.911321,4124043.17136
302603.915855,4124043.32784
302603.920284,4124043.48407
302603.924619,4124043.64
302603.928833,4124043.79571
302603.932976,4124043.95113
302603.937045,4124044.10633
302603.941063,4124044.26137
302603.945071,4124044.41625
302603.948986,4124044.57091
302603.952924,4124044.72551
302603.956884,4124044.88
302603.960787,4124045.03444
302603.964647,4124045.18887
302603.96848,4124045.34332
302603.972248,4124045.49768
302603.97598,4124045.65213
302603.979634,4124045.8067
302603.983304,4124045.96135
302603.98693,4124046.1162
302603.99047,4124046.27119
302603.993963,4124046.42635
302603.997474,4124046.58166
302604.001036,4124046.73698
302604.004635,4124046.89235
302604.008307,4124047.04773
302604.01066,4124047.21069
302604.013935,4124047.36542
302604.017284,4124047.52014
302604.020716,4124047.6749
302604.02419,4124047.82962
302604.027762,4124047.98441
302604.031382,4124048.13925
302604.03502,4124048.29416
302604.038686,4124048.44923
302604.042297,4124048.60439
302604.045935,4124048.75974
302604.049584,4124048.91526
302604.053209,4124049.07085
302604.056804,4124049.22647
302604.060278,4124049.38207
302604.063679,4124049.53761
302604.066993,4124049.69305
302604.070134,4124049.84833
302604.073049,4124050.00333
302604.075785,4124050.15815
302604.078431,4124050.3128
302604.080902,4124050.46721
302604.083305,4124050.62144
302604.085516,4124050.7754
302604.087577,4124050.92909
302604.089506,4124051.08256
302604.091248,4124051.23573
302604.092826,4124051.38858
302604.094236,4124051.54116
302604.09542,4124051.6935
302604.09643,4124051.84558
302604.097283,4124051.99739
302604.098053,4124052.1489
302604.098892,4124052.30013
302604.099849,4124052.45107
302604.100889,4124052.60175
302604.102041,4124052.75205
302604.103262,4124052.9021
302604.10459,4124053.05188
302604.106079,4124053.20149
302604.107647,4124053.35086
302604.109268,4124053.49998
302604.110984,4124053.64885
302604.112794,4124053.79741
302604.114647,4124053.94582
302604.116609,4124054.09403
302604.11856,4124054.24203
302604.12048,4124054.38981
302604.122385,4124054.5375
302604.124105,4124054.6851
302604.125841,4124054.8327
302604.127396,4124054.9804
302604.128828,4124055.12806
302604.130076,4124055.2759
302604.131204,4124055.4238
302604.132199,4124055.57184
302604.133087,4124055.71987
302604.133825,4124055.868
302604.134437,4124056.01612
302604.134938,4124056.16424
302604.135271,4124056.31234
302604.135418,4124056.4604
302604.135486,4124056.60846
302604.135421,4124056.7565
302604.135267,4124056.90448
302604.135,4124057.05238
302604.13461,4124057.20018
302604.134101,4124057.34781
302604.133484,4124057.49536
302604.132751,4124057.64275
302604.131912,4124057.79006
302604.130972,4124057.9372
302604.129914,4124058.08425
302604.128697,4124058.23122
302604.12734,4124058.37806
302604.125839,4124058.52484
302604.124146,4124058.67154
302604.122278,4124058.81825
302604.120209,4124058.96489
302604.118023,4124059.11159
302604.115696,4124059.25832
302604.113327,4124059.40515
302604.110765,4124059.55207
302604.108101,4124059.69901
302604.105261,4124059.84601
302604.102244,4124059.99313
302604.099043,4124060.14037
302604.095722,4124060.28763
302604.092315,4124060.4349
302604.088917,4124060.58229
302604.085605,4124060.72985
302604.082459,4124060.8776
302604.07937,4124061.02543
302604.076383,4124061.17344
302604.073455,4124061.32153
302604.070688,4124061.46979
302604.068026,4124061.61813
302604.065445,4124061.76658
302604.063027,4124061.91517
302604.060698,4124062.06387
302604.05845,4124062.21256
302604.056295,4124062.36127
302604.054278,4124062.50998
302604.05238,4124062.65871
302604.050621,4124062.80741
302604.049011,4124062.95611
302604.04746,4124063.10483
302604.045972,4124063.25359
302604.044543,4124063.40234
302604.043151,4124063.55111
302604.041857,4124063.69996
302604.040606,4124063.84877
302604.039376,4124063.99755
302604.038191,4124064.14634
302604.037036,4124064.29521
302604.036012,4124064.44425
302604.03506,4124064.59344
302604.03419,4124064.74281
302604.033403,4124064.89231
302604.032687,4124065.04199
302604.031927,4124065.19167
302604.031129,4124065.34136
302604.030305,4124065.49111
302604.029459,4124065.64092
302604.028515,4124065.79072
302604.027546,4124065.9406
302604.026495,4124066.09051
302604.025395,4124066.24046
302604.024272,4124066.39047
302604.023125,4124066.54053
302604.021917,4124066.69067
302604.020663,4124066.84094
302604.019299,4124066.99131
302604.017838,4124067.14184
302604.016326,4124067.29256
302604.014944,4124067.44351
302604.013537,4124067.59461
302604.012168,4124067.74585
302604.010882,4124067.89724
302604.009701,4124068.04872
302604.008655,4124068.20041
302604.007688,4124068.35229
302604.006795,4124068.50443
302604.005956,4124068.65677
302604.005176,4124068.80936
302604.004466,4124068.96223
302604.003856,4124069.1153
302604.003325,4124069.26863
302604.002905,4124069.42211
302604.002567,4124069.57583
302604.002291,4124069.72963
302604.002078,4124069.88363
302604.002007,4124070.03779
302604.002008,4124070.19217
302604.002155,4124070.34667
302604.002407,4124070.50131
302604.002815,4124070.65608
302604.003317,4124070.81094
302604.003849,4124070.96582
302604.004388,4124071.12077
302604.004798,4124071.27574
302604.005188,4124071.43078
302604.005495,4124071.58589
302604.00568,4124071.74105
302604.005776,4124071.8963
302604.005829,4124072.05164
302604.005764,4124072.20704
302604.005581,4124072.36251
302604.005287,4124072.51794
302604.004879,4124072.67343
302604.004507,4124072.82894
302604.004182,4124072.98443
302604.003884,4124073.13997
302604.003611,4124073.29547
302604.003364,4124073.45093
302604.003138,4124073.60635
302604.00292,4124073.76169
302604.002715,4124073.91711
302604.002631,4124074.07256
302604.002604,4124074.22792
302604.002649,4124074.38319
302604.002694,4124074.53839
302604.002775,4124074.6935
302604.002895,4124074.84853
302604.003034,4124075.00355
302604.0032,4124075.15864
302604.003423,4124075.31367
302604.003605,4124075.46871
302604.003766,4124075.62372
302604.003888,4124075.77875
302604.004091,4124075.93374
302604.004296,4124076.08872
302604.004545,4124076.24361
302604.004813,4124076.39835
302604.005071,4124076.55293
302604.005276,4124076.70738
302604.005592,4124076.86168
302604.005964,4124077.01593
302604.006497,4124077.17007
302604.007223,4124077.32408
302604.007917,4124077.47793
302604.008539,4124077.63158
302604.009173,4124077.78515
302604.009784,4124077.93857
