302589.833297,4124012.40426
302589.836536,4124012.2668
302589.839801,4124012.12917
302589.843136,4124011.99125
302589.846472,4124011.85284
302589.84983,4124011.71375
302589.853209,4124011.5738
302589.856631,4124011.43294
302589.860077,4124011.29121
302589.86357,4124011.14855
302589.867121,4124011.00503
302589.870762,4124010.8607
302589.874437,4124010.71555
302589.878082,4124010.56959
302589.881672,4124010.42288
302589.885216,4124010.27541
302589.888802,4124010.12718
302589.892465,4124009.97825
302589.89614,4124009.82876
302589.8998,4124009.67877
302589.903408,4124009.52837
302589.906936,4124009.37776
302589.910236,4124009.22714
302589.913472,4124009.07655
302589.916817,4124008.92609
302589.920052,4124008.77578
302589.923157,4124008.62574
302589.926109,4124008.47596
302589.928874,4124008.32644
302589.931376,4124008.17729
302589.933857,4124008.02853
302589.936249,4124007.88022
302589.938483,4124007.73254
302589.940616,4124007.58557
302589.942608,4124007.43938
302589.944526,4124007.29396
302589.946361,4124007.14942
302589.948065,4124007.00572
302589.949761,4124006.86275
302589.951415,4124006.72047
302589.952909,4124006.57896
302589.954321,4124006.43815
302589.955693,4124006.29797
302589.956975,4124006.15833
302589.95816,4124006.01926
302589.959258,4124005.88054
302589.960261,4124005.74214
302589.961192,4124005.60395
302589.962,4124005.46589
302589.962738,4124005.32778
302589.96342,4124005.18941
302589.96413,4124005.05065
302589.964686,4124004.91137
302589.965166,4124004.77156
302589.965596,4124004.63107
302589.965993,4124004.48976
302589.966304,4124004.34771
302589.96651,4124004.20476
302589.966648,4124004.06085
302589.966713,4124003.91599
302589.966608,4124003.77007
302589.966441,4124003.62312
302589.966177,4124003.47517
302589.965887,4124003.32625
302589.965504,4124003.17639
302589.964987,4124003.02567
302589.964313,4124002.8741
302589.963533,4124002.72185
302589.962587,4124002.56903
302589.961513,4124002.41571
302589.96035,4124002.26195
302589.95905,4124002.10782
302589.957685,4124001.95338
302589.956162,4124001.79863
302589.954599,4124001.64369
302589.952899,4124001.48855
302589.951133,4124001.33329
302589.949255,4124001.17799
302589.947325,4124001.02278
302589.945209,4124000.8676
302589.942973,4124000.71254
302589.940652,4124000.55767
302589.9382,4124000.40296
302589.935561,4124000.24843
302589.932873,4124000.09407
302589.930016,4123999.93989
302589.927107,4123999.78596
302589.924163,4123999.63239
302589.920933,4123999.47905
302589.917523,4123999.32625
302589.913933,4123999.17389
302589.910227,4123999.02201
302589.906338,4123998.87065
302589.902338,4123998.71985
302589.898194,4123998.56949
302589.893889,4123998.41962
302589.88937,4123998.27016
302589.884677,4123998.12116
302589.879912,4123997.97261
302589.875023,4123997.82441
302589.870029,4123997.67656
302589.864989,4123997.52917
302589.859774,4123997.38221
302589.854454,4123997.23561
302589.848938,4123997.08947
302589.843353,4123996.94371
302589.837638,4123996.79828
302589.831882,4123996.65322
302589.825965,4123996.5084
302589.819992,4123996.36381
302589.813936,4123996.21942
302589.807807,4123996.07524
302589.801531,4123995.93113
302589.795296,4123995.78718
302589.78905,4123995.64327
302589.782713,4123995.49926
302589.776205,4123995.35509
302589.769578,4123995.21085
302589.762909,4123995.06642
302589.75609,4123994.9218
302589.749223,4123994.77708
302589.742346,4123994.63223
302589.735446,4123994.48724
302589.728541,4123994.34219
302589.721663,4123994.19708
302589.714702,4123994.05208
302589.707713,4123993.90727
302589.700615,4123993.76257
302589.693425,4123993.61804
302589.686175,4123993.47371
302589.678942,4123993.32955
302589.671661,4123993.18559
302589.664307,4123993.04184
302589.656864,4123992.89819
302589.649298,4123992.75471
302589.641732,4123992.61144
302589.634134,4123992.46827
302589.626459,4123992.32516
302589.618589,4123992.18203
302589.610555,4123992.03887
302589.602418,4123991.89576
302589.594222,4123991.75268
302589.585924,4123991.60955
302589.577528,4123991.46637
302589.569021,4123991.32315
302589.560399,4123991.17976
302589.551608,4123991.03619
302589.542749,4123990.89241
302589.53388,4123990.74841
302589.524943,4123990.60418
302589.515888,4123990.45968
302589.5068,4123990.31489
302589.497587,4123990.16979
302589.488278,4123990.02438
302589.478778,4123989.87862
302589.469191,4123989.7326
302589.459519,4123989.58639
302589.449702,4123989.43997
302589.439803,4123989.29342
302589.429836,4123989.14672
302589.419802,4123988.9998
302589.409659,4123988.85268
302589.399401,4123988.7054
302589.38906,4123988.55806
302589.378577,4123988.41056
302589.368131,4123988.26302
302589.357698,4123988.11532
302589.347188,4123987.96751
302589.336651,4123987.81968
302589.326143,4123987.67181
302589.315542,4123987.52382
302589.30492,4123987.3758
302589.294263,4123987.22776
302589.28354,4123987.07961
302589.272775,4123986.93137
302589.262047,4123986.78305
302589.251261,4123986.63447
302589.240373,4123986.48569
302589.229411,4123986.33669
302589.218393,4123986.18743
302589.207154,4123986.03792
302589.195838,4123985.88825
302589.184454,4123985.73836
302589.172927,4123985.58826
302589.161363,4123985.43804
302589.149725,4123985.28764
302589.138031,4123985.13712
302589.126257,4123984.98646
302589.1145,4123984.83579
302589.102583,4123984.68507
302589.090613,4123984.53443
302589.078564,4123984.38387
302589.066381,4123984.23341
302589.054113,4123984.08304
302589.041731,4123983.93277
302589.029258,4123983.78264
302589.016684,4123983.63259
302589.003906,4123983.48269
302588.990987,4123983.33299
302588.977871,4123983.18345
302588.964569,4123983.0341
302588.951071,4123982.8849
302588.9374,4123982.7358
302588.92361,4123982.58682
302588.909702,4123982.43799
302588.895634,4123982.28938
302588.88149,4123982.14089
302588.867192,4123981.99253
302588.85284,4123981.84433
302588.838442,4123981.69629
302588.823963,4123981.54837
302588.809414,4123981.40059
302588.794837,4123981.253
302588.780216,4123981.10557
302588.765602,4123980.95842
302588.750914,4123980.81144
302588.736188,4123980.66474
302588.721382,4123980.51831
302588.706488,4123980.37207
302588.691527,4123980.22598
302588.676499,4123980.07999
302588.661404,4123979.93409
302588.646241,4123979.78825
302588.631016,4123979.64243
302588.615653,4123979.49659
302588.600203,4123979.35074
302588.584679,4123979.20487
302588.569013,4123979.05895
302588.55332,4123978.91299
302588.537506,4123978.76695
302588.521617,4123978.62085
302588.505626,4123978.47473
302588.489485,4123978.32852
302588.473229,4123978.18225
302588.456849,4123978.03588
302588.440367,4123977.88945
302588.42377,4123977.74293
302588.407084,4123977.59633
302588.390273,4123977.44961
302588.373325,4123977.30279
302588.356252,4123977.15585
302588.339059,4123977.00876
302588.321707,4123976.86158
302588.304218,4123976.71431
302588.286599,4123976.56692
302588.268874,4123976.41953
302588.251039,4123976.27211
302588.233058,4123976.12465
302588.21495,4123975.97718
302588.196684,4123975.82971
302588.178256,4123975.68221
302588.159656,4123975.53473
302588.140949,4123975.38737
302588.122135,4123975.24014
302588.103196,4123975.09313
302588.084126,4123974.94631
302588.064935,4123974.79971
302588.045624,4123974.65334
302588.026128,4123974.5072
302588.006441,4123974.36141
302587.986536,4123974.21595
302587.966401,4123974.07082
302587.946042,4123973.92603
302587.925411,4123973.78157
302587.904539,4123973.63743
302587.883381,4123973.49357
302587.861867,4123973.35001
302587.839982,4123973.20676
302587.817653,4123973.06378
302587.794912,4123972.92101
302587.771716,4123972.77846
302587.748029,4123972.63605
302587.723856,4123972.49377
302587.699132,4123972.35157
302587.673881,4123972.2094
302587.648095,4123972.06716
302587.621721,4123971.92486
302587.594892,4123971.78237
302587.567585,4123971.63968
302587.539755,4123971.49677
302587.51139,4123971.35364
302587.482514,4123971.21026
302587.453177,4123971.06667
302587.423357,4123970.9229
302587.393139,4123970.77888
302587.362564,4123970.63458
302587.331726,4123970.49
302587.300622,4123970.34509
302587.269265,4123970.19985
302587.237669,4123970.05432
302587.205827,4123969.90857
302587.17379,4123969.76257
302587.141518,4123969.61635
302587.109002,4123969.46992
302587.076253,4123969.3233
302587.043244,4123969.17654
302587.009977,4123969.02963
302586.976458,4123968.88256
302586.942698,4123968.73537
302586.908673,4123968.5881
302586.874412,4123968.44072
302586.839989,4123968.29326
302586.805361,4123968.14574
302586.770573,4123967.99816
302586.73566,4123967.85061
302586.700567,4123967.70312
302586.665309,4123967.55573
302586.629867,4123967.40843
302586.594352,4123967.26127
302586.558718,4123967.11425
302586.52295,4123966.96739
302586.487084,4123966.82071
302586.451162,4123966.67424
302586.415148,4123966.52792
302586.379041,4123966.38183
302586.342841,4123966.23594
302586.306525,4123966.09032
302586.270127,4123965.94493
302586.233642,4123965.79979
302586.197054,4123965.6549
302586.160365,4123965.5103
302586.123538,4123965.36595
302586.086554,4123965.22188
302586.049415,4123965.07812
302586.012136,4123964.93473
302585.974692,4123964.79172
302585.937003,4123964.64905
302585.899098,4123964.50677
302585.860889,4123964.36479
302585.822381,4123964.22312
302585.783572,4123964.0818
302585.744497,4123963.9408
302585.705101,4123963.80009
302585.665348,4123963.65966
302585.625325,4123963.51955
302585.584951,4123963.37974
302585.544266,4123963.24025
302585.503253,4123963.10097
302585.461966,4123962.9619
302585.420401,4123962.82306
302585.37865,4123962.68444
302585.336703,4123962.54603
302585.294527,4123962.40773
302585.252155,4123962.26959
302585.209605,4123962.13155
302585.16687,4123961.99358
302585.123937,4123961.85555
302585.080797,4123961.71747
302585.037425,4123961.57929
302584.993809,4123961.44098
302584.949926,4123961.30252
302584.905774,4123961.16393
302584.861375,4123961.02509
302584.816696,4123960.88604
302584.771768,4123960.74675
302584.726566,4123960.60723
302584.681051,4123960.4674
302584.63528,4123960.3273
302584.589257,4123960.18697
302584.542983,4123960.04645
302584.496418,4123959.90572
302584.449641,4123959.76479
302584.402604,4123959.62364
302584.355342,4123959.48232
302584.307807,4123959.34085
302584.260016,4123959.19921
302584.212033,4123959.05735
302584.163846,4123958.91535
302584.115456,4123958.7732
302584.066841,4123958.63093
302584.018039,4123958.4886
302583.969113,4123958.34618
302583.919966,4123958.20372
302583.870615,4123958.06123
302583.821062,4123957.91872
302583.771357,4123957.77619
302583.721491,4123957.63367
302583.67145,4123957.49112
302583.621186,4123957.34855
302583.570775,4123957.20591
302583.52022,4123957.0632
302583.469547,4123956.9205
302583.418795,4123956.77789
302583.367947,4123956.63544
302583.316958,4123956.4932
302583.265866,4123956.35119
302583.214702,4123956.20943
302583.16346,4123956.06797
302583.112214,4123955.92685
302583.060935,4123955.78611
302583.009705,4123955.64578
302582.958486,4123955.50587
302582.907336,4123955.36643
302582.856334,4123955.22744
302582.805443,4123955.08893
302582.754666,4123954.95083
302582.703999,4123954.8132
302582.653502,4123954.67605
302582.603167,4123954.53939
302582.553033,4123954.40322
302582.503073,4123954.26751
302582.453297,4123954.13226
302582.403664,4123953.99748
302582.354213,4123953.86312
302582.30495,4123953.72921
302582.255838,4123953.5957
302582.206951,4123953.46263
302582.158201,4123953.32987
302582.109607,4123953.1975
302582.061197,4123953.06548
302582.012996,4123952.93384
302581.965018,4123952.80259
302581.917217,4123952.67174
302581.869655,4123952.54128
302581.822247,4123952.41119
302581.775055,4123952.28146
302581.728042,4123952.15202
302581.681184,4123952.02294
302581.634442,4123951.89408
302581.58782,4123951.76542
302581.541344,4123951.63693
302581.495033,4123951.50863
302581.448825,4123951.38038
302581.402757,4123951.25225
302581.356829,4123951.12424
302581.311044,4123950.99628
302581.265301,4123950.86842
302581.219567,4123950.7406
302581.17383,4123950.6128
302581.127946,4123950.48503
302581.081926,4123950.35722
302581.035782,4123950.22936
302580.989427,4123950.10145
302580.942891,4123949.97338
302580.89612,4123949.84516
302580.849158,4123949.71675
302580.802059,4123949.58816
302580.754794,4123949.45944
302580.70738,4123949.33056
302580.659791,4123949.20147
302580.612033,4123949.07217
302580.564096,4123948.94266
302580.515985,4123948.81292
302580.467681,4123948.68289
302580.419227,4123948.55264
302580.370626,4123948.42219
302580.321872,4123948.29151
302580.272918,4123948.16062
302580.223758,4123948.02953
302580.174432,4123947.89826
302580.12489,4123947.76681
302580.075199,4123947.63521
302580.025319,4123947.50348
302579.975296,4123947.3717
302579.925118,4123947.2399
302579.874817,4123947.10813
302579.824426,4123946.97644
302579.773947,4123946.84481
302579.723371,4123946.71332
302579.67271,4123946.58191
302579.621898,4123946.45056
302579.570994,4123946.31934
302579.520037,4123946.18825
302579.468979,4123946.05736
302579.417871,4123945.92663
302579.366681,4123945.7962
302579.315431,4123945.66604
302579.264069,4123945.5361
302579.212576,4123945.40637
302579.160972,4123945.27683
302579.109311,4123945.14752
302579.057569,4123945.0184
302579.005704,4123944.88943
302578.953803,4123944.7606
302578.901888,4123944.63194
302578.849891,4123944.50341
302578.797813,4123944.37493
302578.745628,4123944.24649
302578.693322,4123944.11807
302578.640887,4123943.98965
302578.58833,4123943.86115
302578.535663,4123943.73263
302578.482854,4123943.60401
302578.429894,4123943.47527
302578.37683,4123943.34645
302578.323668,4123943.21755
302578.270359,4123943.08854
302578.217013,4123942.95952
302578.16362,4123942.83043
302578.110175,4123942.7013
302578.056693,4123942.57208
302578.003191,4123942.44277
302577.949643,4123942.31335
302577.896038,4123942.18382
302577.842324,4123942.05425
302577.788474,4123941.92459
302577.734551,4123941.7948
302577.680549,4123941.66491
302577.626454,4123941.53498
302577.572245,4123941.40501
302577.517909,4123941.27506
302577.463446,4123941.14512
302577.408829,4123941.01522
302577.354097,4123940.88537
302577.299324,4123940.7555
302577.244511,4123940.62569
302577.189631,4123940.49592
302577.134718,4123940.36625
302577.079732,4123940.23661
302577.024707,4123940.10694
302576.969624,4123939.9773
302576.914455,4123939.84767
302576.859199,4123939.71798
302576.803839,4123939.58825
302576.748403,4123939.45844
302576.692848,4123939.32854
302576.637171,4123939.19859
302576.581389,4123939.06855
302576.525472,4123938.93843
302576.469409,4123938.8082
302576.413178,4123938.67779
302576.356824,4123938.54725
302576.30037,4123938.41659
302576.243745,4123938.28579
302576.186988,4123938.15491
302576.130101,4123938.02391
302576.073094,4123937.89284
302576.015949,4123937.76164
302575.958661,4123937.63033
302575.901236,4123937.49894
302575.843671,4123937.36742
302575.785981,4123937.23588
302575.728161,4123937.10434
302575.67024,4123936.97288
302575.61218,4123936.84155
302575.554027,4123936.71037
302575.495808,4123936.57941
302575.437518,4123936.4486
302575.379161,4123936.31804
302575.320772,4123936.18778
302575.262411,4123936.05784
302575.204005,4123935.92824
302575.145638,4123935.79899
302575.087288,4123935.67012
302575.028973,4123935.54157
302574.970695,4123935.41338
302574.912456,4123935.2855
302574.854233,4123935.15799
302574.796032,4123935.03081
302574.737763,4123934.90392
302574.679456,4123934.77733
302574.621139,4123934.65103
302574.562835,4123934.525
302574.504551,4123934.39923
302574.44624,4123934.27369
302574.387969,4123934.14839
302574.3297,4123934.02328
302574.271449,4123933.89836
302574.213227,4123933.77364
302574.155036,4123933.64916
302574.096836,4123933.52487
302574.038643,4123933.40068
302573.980455,4123933.27664
302573.922281,4123933.15269
302573.864097,4123933.02883
302573.80586,4123932.90506
302573.747597,4123932.78133
302573.689239,4123932.65768
302573.630838,4123932.53416
302573.572374,4123932.41068
302573.513837,4123932.28732
302573.455321,4123932.16401
302573.396803,4123932.04085
302573.338263,4123931.91779
302573.279672,4123931.79485
302573.221091,4123931.67206
302573.162496,4123931.54936
302573.103966,4123931.42683
302573.045509,4123931.30446
302572.987121,4123931.18224
302572.928858,4123931.06024
302572.870706,4123930.93847
302572.81268,4123930.81692
302572.754728,4123930.69564
302572.696894,4123930.57458
302572.639157,4123930.45368
302572.581492,4123930.33297
302572.523882,4123930.2123
302572.466282,4123930.0917
302572.408698,4123929.97111
302572.351089,4123929.85048
302572.293459,4123929.72982
302572.235788,4123929.60909
302572.178073,4123929.48824
302572.120319,4123929.36727
302572.062548,4123929.24619
302572.004793,4123929.12499
302571.946967,4123929.00358
302571.889135,4123928.88197
302571.831274,4123928.7602
302571.773407,4123928.63825
302571.71553,4123928.51611
302571.657685,4123928.39384
302571.599907,4123928.27139
302571.542272,4123928.14886
302571.48471,4123928.02626
302571.42718,4123927.90357
302571.369625,4123927.78082
302571.31209,4123927.65804
302571.254582,4123927.53524
302571.197104,4123927.41248
302571.13955,4123927.28973
302571.08204,4123927.16704
302571.024512,4123927.04444
302570.966977,4123926.92193
302570.909442,4123926.79951
302570.851833,4123926.67713
302570.794201,4123926.55477
302570.736481,4123926.43243
302570.678753,4123926.31013
302570.620972,4123926.18784
302570.563173,4123926.06554
302570.505328,4123925.94323
302570.447456,4123925.82097
302570.389577,4123925.69869
302570.331697,4123925.57642
302570.273804,4123925.45417
302570.215854,4123925.33198
302570.157946,4123925.20986
302570.099931,4123925.08779
302570.041963,4123924.96585
302569.983987,4123924.84398
302569.926012,4123924.72218
302569.868048,4123924.60048
302569.810135,4123924.47889
302569.75225,4123924.3574
302569.694384,4123924.23604
302569.636566,4123924.11481
302569.578755,4123923.99366
302569.520972,4123923.87266
302569.463257,4123923.75182
302569.405574,4123923.63111
302569.347976,4123923.51054
302569.290405,4123923.39008
302569.232925,4123923.2697
302569.175496,4123923.14945
302569.118164,4123923.02932
302569.060922,4123922.90934
302569.003754,4123922.78951
302568.946634,4123922.66978
302568.889534,4123922.55024
302568.832478,4123922.43081
302568.775445,4123922.31156
302568.718435,4123922.19243
302568.661436,4123922.07348
302568.604441,4123921.95459
302568.54743,4123921.83576
302568.490422,4123921.71704
302568.433378,4123921.59838
302568.376329,4123921.47984
302568.319238,4123921.36139
302568.262109,4123921.24304
302568.204899,4123921.12476
302568.147604,4123921.00651
302568.090268,4123920.88827
302568.032879,4123920.77008
302567.975419,4123920.65193
302567.917918,4123920.53384
302567.860359,4123920.41582
302567.802702,4123920.29786
302567.74498,4123920.17997
302567.687209,4123920.06218
302567.629438,4123919.94448
302567.571677,4123919.82687
