302576.624025,4123939.9783
302576.561982,4123939.84375
302576.504514,4123939.70873
302576.444385,4123939.57378
302576.384338,4123939.44233
302576.324795,4123939.30718
302576.262513,4123939.17505
302576.202553,4123939.04101
302576.140845,4123938.90813
302576.082172,4123938.7785
302576.020934,4123938.64671
302575.961309,4123938.50804
302575.901088,4123938.37549
302575.841728,4123938.24181
302575.77955,4123938.10783
302575.717668,4123937.97384
302575.656512,4123937.83928
302575.593938,4123937.70104
302575.5306,4123937.56801
302575.47057,4123937.43102
302575.408336,4123937.29463
302575.348006,4123937.16375
302575.284476,4123937.02887
302575.225699,4123936.9011
302575.164256,4123936.76691
302575.102765,4123936.63069
302575.042696,4123936.49832
302574.980257,4123936.36582
302574.922054,4123936.2373
302574.857841,4123936.10484
302574.801021,4123935.9785
302574.736043,4123935.84496
302574.6763,4123935.72017
302574.618889,4123935.58755
302574.556211,4123935.45746
302574.496581,4123935.33119
302574.435451,4123935.19774
302574.376835,4123935.07052
302574.316079,4123934.94038
302574.256719,4123934.81299
302574.19829,4123934.68743
302574.134316,4123934.55886
302574.079222,4123934.43044
302574.018053,4123934.30162
302573.957698,4123934.17592
302573.901743,4123934.04863
302573.846479,4123933.9193
302573.78815,4123933.7917
302573.73163,4123933.66554
302573.677628,4123933.5395
302573.621681,4123933.41259
302573.563435,4123933.2885
302573.509554,4123933.16765
302573.453638,4123933.04203
302573.397249,4123932.91512
302573.342077,4123932.79596
302573.288096,4123932.67085
302573.23375,4123932.54908
302573.178713,4123932.42307
302573.122349,4123932.29728
302573.065342,4123932.16928
302573.00953,4123932.04181
302572.954058,4123931.91618
302572.896681,4123931.79133
302572.841465,4123931.66403
302572.785006,4123931.54046
302572.7322,4123931.40866
302572.677001,4123931.28839
302572.618094,4123931.16136
302572.562687,4123931.03221
302572.504871,4123930.90756
302572.446537,4123930.77978
302572.384572,4123930.64227
302572.325047,4123930.51415
302572.268266,4123930.38947
302572.207566,4123930.26175
302572.152394,4123930.13629
302572.090925,4123930.001
302572.034153,4123929.8704
302571.974145,4123929.74062
302571.911793,4123929.61182
302571.854507,4123929.47828
302571.794517,4123929.34924
302571.736392,4123929.21775
302571.680024,4123929.09177
302571.619181,4123928.97053
302571.562604,4123928.83567
302571.502409,4123928.71052
302571.444306,4123928.58625
302571.383141,4123928.45131
302571.322346,4123928.31952
302571.262821,4123928.1851
302571.20023,4123928.05242
302571.141796,4123927.92039
302571.080566,4123927.78897
302571.022059,4123927.66008
302570.96172,4123927.52883
302570.901251,4123927.39832
302570.841891,4123927.26464
302570.779931,4123927.13361
302570.717592,4123926.99908
302570.657358,4123926.87226
302570.595593,4123926.73697
302570.535733,4123926.60719
302570.477116,4123926.47368
302570.415639,4123926.3443
302570.3556,4123926.21323
302570.296258,4123926.08029
302570.233445,4123925.95076
302570.174654,4123925.81614
302570.112602,4123925.68752
302570.052616,4123925.55867
302569.991669,4123925.42669
302569.932026,4123925.29357
302569.869118,4123925.16626
302569.808518,4123925.0365
302569.745397,4123924.90642
302569.681049,4123924.77453
302569.619258,4123924.64442
302569.554562,4123924.5166
302569.490623,4123924.38321
302569.420843,4123924.25311
302569.358622,4123924.12357
302569.290795,4123923.99471
302569.230078,4123923.86624
302569.163821,4123923.73495
302569.096473,4123923.60756
302569.035517,4123923.47521
302568.968003,4123923.34709
302568.901498,4123923.21783
302568.831423,4123923.09403
302568.767188,4123922.96065
302568.700405,4123922.83843
302568.63116,4123922.7122
302568.565499,4123922.58736
302568.499364,4123922.46753
302568.433929,4123922.33973
302568.369255,4123922.21284
302568.300454,4123922.0866
302568.236667,4123921.96597
302568.170323,4123921.83727
302568.102583,4123921.71211
302568.038753,4123921.58964
302567.973357,4123921.46979
302567.906921,4123921.3435
302567.842595,4123921.21881
302567.775886,4123921.09974
302567.703519,4123920.97913
302567.640819,4123920.85441
302567.570983,4123920.72819
302567.504535,4123920.60134
302567.438426,4123920.48262
302567.377396,4123920.35342
302567.309151,4123920.23827
302567.246256,4123920.10523
302567.179842,4123919.99244
302567.114146,4123919.87242
302567.04945,4123919.75089
302566.981132,4123919.63259
302566.917806,4123919.5127
302566.850906,4123919.39178
302566.784148,4123919.27067
302566.716026,4123919.14811
302566.650578,4123919.02605
302566.585264,4123918.90342
302566.516985,4123918.7805
302566.452124,4123918.66453
302566.386519,4123918.5421
302566.319332,4123918.42155
302566.257919,4123918.30124
302566.192958,4123918.18102
302566.129797,4123918.05557
302566.067189,4123917.93473
302566.002819,4123917.81449
302565.936562,4123917.68949
302565.86887,4123917.57265
302565.804783,4123917.45185
302565.743796,4123917.33079
302565.679239,4123917.20889
302565.618383,4123917.08709
302565.552983,4123916.96706
302565.497354,4123916.84106
302565.435515,4123916.71521
302565.377008,4123916.59261
302565.316521,4123916.46766
302565.256644,4123916.34972
302565.199653,4123916.22246
302565.139145,4123916.09658
302565.080872,4123915.97138
302565.019038,4123915.85201
302564.959021,4123915.72815
302564.89887,4123915.60485
302564.842006,4123915.48295
302564.784433,4123915.36237
302564.726573,4123915.24216
302564.669365,4123915.11824
302564.609088,4123914.99587
302564.548601,4123914.87091
302564.485793,4123914.75415
302564.429881,4123914.62871
302564.371339,4123914.50464
302564.312383,4123914.38186
302564.249779,4123914.26121
302564.189353,4123914.14514
302564.13258,4123914.02083
302564.075034,4123913.90136
302564.017313,4123913.78077
302563.95964,4123913.66223
302563.898449,4123913.53877
302563.838559,4123913.42027
302563.781821,4123913.30374
302563.721621,4123913.1847
302563.665449,4123913.06704
302563.605841,4123912.94798
302563.550873,4123912.83122
302563.492987,4123912.70991
302563.433536,4123912.59122
302563.376289,4123912.47192
302563.313137,4123912.34684
302563.255507,4123912.22385
302563.19446,4123912.1002
302563.132499,4123911.97546
302563.071652,4123911.84774
302563.008343,4123911.72229
302562.946474,4123911.59515
302562.884952,4123911.47022
302562.820635,4123911.33961
302562.761988,4123911.2111
302562.695861,4123911.08535
302562.634557,4123910.95708
302562.570461,4123910.82962
302562.508631,4123910.70414
302562.444817,4123910.57611
302562.383492,4123910.44692
302562.319352,4123910.31761
302562.256309,4123910.19086
302562.195239,4123910.06
302562.129369,4123909.93258
302562.0661,4123909.79621
302562.001251,4123909.6745
302561.939995,4123909.54827
302561.877373,4123909.41429
302561.813551,4123909.2859
302561.750069,4123909.15935
302561.685342,4123909.03024
302561.62212,4123908.89591
302561.557568,4123908.7679
302561.49475,4123908.63819
302561.428102,4123908.50912
302561.367376,4123908.38657
302561.304098,4123908.25613
302561.239923,4123908.12534
302561.179037,4123907.99595
302561.114058,4123907.86869
302561.053567,4123907.73726
302560.98684,4123907.60486
302560.926558,4123907.47602
302560.860088,4123907.34824
302560.796483,4123907.21651
302560.734057,4123907.09086
302560.672661,4123906.95241
302560.605461,4123906.82502
302560.54774,4123906.69186
302560.479508,4123906.56468
302560.415608,4123906.43296
302560.350107,4123906.30238
302560.283233,4123906.17628
302560.218989,4123906.04253
302560.152962,4123905.91474
302560.090531,4123905.78262
302560.025574,4123905.64999
302559.962379,4123905.52306
302559.899026,4123905.39577
302559.835578,4123905.2644
302559.776057,4123905.13646
302559.7116,4123905.00623
302559.646217,4123904.88065
302559.585709,4123904.75477
302559.523639,4123904.62541
302559.458856,4123904.50018
302559.39853,4123904.37578
302559.333899,4123904.25073
302559.273369,4123904.12393
302559.210552,4123903.99421
302559.148382,4123903.87318
302559.083382,4123903.745
302559.021921,4123903.62266
302558.958651,4123903.49259
302558.897399,4123903.36654
302558.836639,4123903.24251
302558.776244,4123903.11515
302558.711569,4123902.99454
302558.649878,4123902.86869
302558.584164,4123902.74164
302558.524021,4123902.61241
302558.463413,4123902.48228
302558.396886,4123902.35839
302558.336504,4123902.23158
302558.270634,4123902.10416
302558.209642,4123901.97662
302558.143002,4123901.84163
302558.079689,4123901.716
302558.014632,4123901.58542
302557.951271,4123901.45775
302557.887036,4123901.32437
302557.820852,4123901.18993
302557.754965,4123901.05548
302557.691125,4123900.92634
302557.622341,4123900.79455
302557.549004,4123900.67045
302557.483256,4123900.54192
302557.410954,4123900.4115
302557.345927,4123900.28221
302557.277739,4123900.15688
302557.209664,4123900.02377
302557.14171,4123899.89585
302557.07581,4123899.76713
302557.007939,4123899.63643
302556.941716,4123899.50661
302556.868979,4123899.37657
302556.799943,4123899.24035
302556.727263,4123899.11271
302556.661158,4123898.9816
302556.592143,4123898.85259
302556.522568,4123898.71859
302556.45094,4123898.58538
302556.37936,4123898.4605
302556.310763,4123898.32408
302556.23726,4123898.19295
302556.170681,4123898.05426
302556.093396,4123897.92581
302556.019993,4123897.79265
302555.94122,4123897.66387
302555.865761,4123897.53131
302555.789663,4123897.39672
302555.712229,4123897.26828
302555.64088,4123897.13433
302555.561472,4123896.99742
302555.480316,4123896.88053
302555.400164,4123896.73716
302555.320539,4123896.61617
302555.242505,4123896.48108
302555.160997,4123896.34922
302555.077215,4123896.22129
302554.998885,4123896.0925
302554.921161,4123895.96425
302554.841961,4123895.83622
302554.764193,4123895.70611
302554.68799,4123895.57339
302554.610131,4123895.45198
302554.531571,4123895.31968
302554.452868,4123895.19386
302554.375099,4123895.07005
302554.297857,4123894.94974
302554.21985,4123894.82834
302554.147591,4123894.70606
302554.071384,4123894.58573
302554.000443,4123894.46287
302553.924949,4123894.33512
302553.851334,4123894.21806
302553.775896,4123894.09901
302553.699502,4123893.97701
302553.626748,4123893.85882
302553.549058,4123893.73205
302553.475416,4123893.61388
302553.399588,4123893.49076
302553.329599,4123893.37066
302553.253922,4123893.25401
302553.178946,4123893.1294
302553.098982,4123893.01285
302553.025323,4123892.88765
302552.950194,4123892.76915
302552.877614,4123892.65206
302552.801233,4123892.53062
302552.733279,4123892.4027
302552.669218,4123892.283
302552.592998,4123892.16212
302552.528201,4123892.04263
302552.449307,4123891.93383
302552.378735,4123891.80782
302552.306603,4123891.68461
302552.234109,4123891.55864
302552.166995,4123891.44124
302552.091906,4123891.31182
302552.024013,4123891.19907
302551.959091,4123891.06792
302551.892925,4123890.9468
302551.819114,4123890.81512
302551.753152,4123890.69011
302551.679589,4123890.56898
302551.609809,4123890.43887
302551.548696,4123890.31245
302551.48593,4123890.18496
302551.420547,4123890.05937
302551.354759,4123889.93547
302551.282022,4123889.80543
302551.215403,4123889.67766
302551.153364,4123889.54959
302551.087763,4123889.41476
302551.031773,4123889.286
302550.965829,4123889.15544
302550.906959,4123889.02378
302550.852652,4123888.89738
302550.792178,4123888.76669
302550.731874,4123888.63692
302550.682446,4123888.50411
302550.624099,4123888.37578
302550.578349,4123888.24215
302550.523311,4123888.10984
302550.468373,4123887.9755
302550.415588,4123887.85092
302550.359372,4123887.71883
302550.306382,4123887.59185
302550.253218,4123887.46376
302550.198933,4123887.33829
302550.144286,4123887.21005
302550.090888,4123887.08455
302550.038598,4123886.95589
302549.984156,4123886.83005
302549.934206,4123886.70651
302549.881651,4123886.57914
302549.82994,4123886.4562
302549.771697,4123886.32601
302549.719755,4123886.20585
302549.66356,4123886.07468
