302589.747205,4124011.05219
302589.743986,4124010.90905
302589.745699,4124010.76801
302589.743111,4124010.61393
302589.743775,4124010.47866
302589.738295,4124010.33372
302589.744483,4124010.19424
302589.737929,4124010.05395
302589.739576,4124009.91643
302589.738775,4124009.78174
302589.73677,4124009.63358
302589.734325,4124009.4919
302589.736729,4124009.34881
302589.741664,4124009.20011
302589.731296,4124009.0612
302589.730747,4124008.91208
302589.733421,4124008.77416
302589.729511,4124008.63307
302589.726688,4124008.49418
302589.726539,4124008.35577
302589.724878,4124008.21592
302589.72349,4124008.07514
302589.714426,4124007.9351
302589.718087,4124007.80142
302589.713055,4124007.65665
302589.715116,4124007.51783
302589.714624,4124007.3711
302589.712153,4124007.22202
302589.709386,4124007.09182
302589.706937,4124006.94996
302589.703066,4124006.81053
302589.700817,4124006.67088
302589.699956,4124006.52731
302589.695815,4124006.39529
302589.695388,4124006.25135
302589.691417,4124006.11396
302589.689386,4124005.97097
302589.687098,4124005.82966
302589.681792,4124005.69212
302589.679825,4124005.55191
302589.67425,4124005.41548
302589.676649,4124005.27221
302589.671861,4124005.14409
302589.666564,4124005.00692
302589.671929,4124004.87023
302589.666749,4124004.73176
302589.660047,4124004.59148
302589.658829,4124004.45162
302589.654245,4124004.31332
302589.656262,4124004.16635
302589.65286,4124004.03432
302589.651486,4124003.8878
302589.646323,4124003.74378
302589.645126,4124003.59226
302589.642986,4124003.45094
302589.633827,4124003.30683
302589.633639,4124003.15418
302589.632425,4124003.00193
302589.628272,4124002.85048
302589.626027,4124002.69214
302589.622786,4124002.5292
302589.616606,4124002.37336
302589.61287,4124002.2145
302589.607168,4124002.05384
302589.597783,4124001.89382
302589.598347,4124001.73541
302589.593115,4124001.56956
302589.59241,4124001.40748
302589.581733,4124001.24287
302589.581967,4124001.0767
302589.578179,4124000.91562
302589.57503,4124000.75027
302589.572724,4124000.58935
302589.567813,4124000.4183
302589.565173,4124000.26201
302589.554575,4124000.10072
302589.546094,4123999.93513
302589.54308,4123999.77551
302589.541183,4123999.60681
302589.540534,4123999.44713
302589.537446,4123999.27808
302589.524873,4123999.12091
302589.520819,4123998.94856
302589.50999,4123998.79005
302589.502766,4123998.62757
302589.49723,4123998.46135
302589.488749,4123998.30834
302589.486104,4123998.14557
302589.489391,4123997.97711
302589.481698,4123997.81354
302589.470386,4123997.65967
302589.462784,4123997.49368
302589.459591,4123997.33278
302589.456685,4123997.17779
302589.440743,4123997.0157
302589.436946,4123996.86054
302589.429591,4123996.69252
302589.42632,4123996.54087
302589.414682,4123996.37942
302589.414103,4123996.229
302589.40487,4123996.06916
302589.398021,4123995.91
302589.39154,4123995.75398
302589.386321,4123995.59498
302589.379671,4123995.43804
302589.367247,4123995.28715
302589.365211,4123995.1314
302589.354364,4123994.97216
302589.346127,4123994.81063
302589.340891,4123994.65717
302589.330962,4123994.4992
302589.329252,4123994.35102
302589.323155,4123994.1987
302589.31921,4123994.06242
302589.30725,4123993.89987
302589.304171,4123993.75006
302589.29736,4123993.59886
302589.282248,4123993.45951
302589.28857,4123993.31319
302589.274684,4123993.16308
302589.27043,4123993.02625
302589.2713,4123992.88708
302589.25577,4123992.74257
302589.257939,4123992.59578
302589.245206,4123992.45693
302589.243996,4123992.31115
302589.232758,4123992.1793
302589.226613,4123992.02494
302589.218276,4123991.88433
302589.211957,4123991.74144
302589.204381,4123991.60173
302589.196487,4123991.4611
302589.193921,4123991.31425
302589.185306,4123991.16809
302589.175529,4123991.01659
302589.171162,4123990.87495
302589.17034,4123990.72676
302589.160194,4123990.57841
302589.157853,4123990.42229
302589.157887,4123990.27278
302589.151264,4123990.12325
302589.151898,4123989.9678
302589.144391,4123989.81847
302589.138007,4123989.66652
302589.139376,4123989.51716
302589.136592,4123989.35477
302589.12859,4123989.19693
302589.124679,4123989.04955
302589.121048,4123988.88884
302589.109279,4123988.74701
302589.111536,4123988.58505
302589.100976,4123988.43801
302589.10629,4123988.28023
302589.08722,4123988.12988
302589.092225,4123987.97784
302589.078426,4123987.83143
302589.076955,4123987.66198
302589.073123,4123987.51163
302589.067926,4123987.35984
302589.061315,4123987.20456
302589.056783,4123987.0559
302589.047481,4123986.91827
302589.043088,4123986.76923
302589.039734,4123986.62036
302589.036037,4123986.48204
302589.032762,4123986.3302
302589.028234,4123986.18172
302589.027329,4123986.03001
302589.021101,4123985.87843
302589.008646,4123985.72625
302589.005845,4123985.58828
302589.00013,4123985.43965
302588.996624,4123985.2843
302588.989644,4123985.13847
302588.986242,4123984.98756
302588.981171,4123984.84113
302588.973656,4123984.67885
302588.968354,4123984.52891
302588.956473,4123984.37598
302588.959199,4123984.23399
302588.949257,4123984.08175
302588.945147,4123983.92586
302588.938367,4123983.77596
302588.930608,4123983.62219
302588.923075,4123983.47175
302588.92224,4123983.31671
302588.912015,4123983.16503
302588.905731,4123983.00475
302588.90179,4123982.86237
302588.889126,4123982.70761
302588.889399,4123982.55569
302588.883119,4123982.40188
302588.873725,4123982.24778
302588.867484,4123982.09565
302588.858812,4123981.94708
302588.847997,4123981.78913
302588.84163,4123981.63792
302588.832001,4123981.48642
302588.824103,4123981.33302
302588.811809,4123981.1751
302588.798127,4123981.02111
302588.787998,4123980.86721
302588.771634,4123980.71235
302588.758944,4123980.55648
302588.747584,4123980.40057
302588.73789,4123980.2463
302588.724622,4123980.09728
302588.71278,4123979.93973
302588.703725,4123979.78747
302588.694236,4123979.6293
302588.681863,4123979.47435
302588.67116,4123979.31491
302588.655909,4123979.16965
302588.647359,4123979.00739
302588.633482,4123978.85136
302588.613603,4123978.69806
302588.597082,4123978.54283
302588.574434,4123978.39127
302588.552485,4123978.23802
302588.526576,4123978.08616
302588.505088,4123977.93364
302588.477752,4123977.77774
302588.454229,4123977.62675
302588.429385,4123977.47616
302588.402249,4123977.32248
302588.376748,4123977.16913
302588.35396,4123977.01793
302588.329346,4123976.86456
302588.30318,4123976.71437
302588.28171,4123976.56259
302588.256574,4123976.41219
302588.235852,4123976.26077
302588.21403,4123976.11288
302588.187002,4123975.95124
302588.168224,4123975.80069
302588.14037,4123975.64795
302588.118313,4123975.49637
302588.090442,4123975.34289
302588.06919,4123975.18777
302588.039427,4123975.03563
302588.017739,4123974.88719
302587.995008,4123974.73211
302587.970455,4123974.58133
302587.945459,4123974.43056
302587.921584,4123974.27717
302587.892156,4123974.12668
302587.872378,4123973.97764
302587.842758,4123973.8316
302587.819723,4123973.68245
302587.793448,4123973.53393
302587.770925,4123973.38772
302587.74512,4123973.2403
302587.720593,4123973.09063
302587.694866,4123972.94654
302587.670017,4123972.80205
302587.64502,4123972.66386
302587.620693,4123972.51641
302587.597106,4123972.37522
302587.571,4123972.22762
302587.547547,4123972.08588
302587.522224,4123971.94641
302587.494792,4123971.80531
302587.471057,4123971.66413
302587.44716,4123971.5224
302587.424016,4123971.38121
302587.397519,4123971.24213
302587.377111,4123971.09773
302587.350283,4123970.95718
302587.325356,4123970.81565
302587.297842,4123970.67734
302587.274071,4123970.53468
302587.247587,4123970.39615
302587.224726,4123970.26069
302587.197533,4123970.11719
302587.174293,4123969.97822
302587.147775,4123969.83192
302587.122987,4123969.69003
302587.097112,4123969.53965
302587.072302,4123969.39683
302587.041152,4123969.2486
302587.003066,4123969.10739
302586.97182,4123968.96139
302586.939831,4123968.81523
302586.903871,4123968.67008
302586.873043,4123968.51667
302586.831678,4123968.37442
302586.800519,4123968.23212
302586.761507,4123968.07669
302586.723778,4123967.93176
302586.679229,4123967.78626
302586.645518,4123967.63607
302586.602688,4123967.49441
302586.561414,4123967.34347
302586.521893,4123967.19785
302586.480002,4123967.0521
302586.436123,4123966.90362
302586.396437,4123966.75727
302586.354955,4123966.61003
302586.31392,4123966.46296
302586.275843,4123966.31583
302586.231442,4123966.17033
302586.192643,4123966.01766
302586.151478,4123965.87134
302586.109452,4123965.72615
302586.06987,4123965.58423
302586.028962,4123965.43624
302585.988145,4123965.29213
302585.94765,4123965.14912
302585.909259,4123965.00755
302585.867829,4123964.86253
302585.827516,4123964.721
302585.78943,4123964.57979
302585.749744,4123964.43972
302585.706683,4123964.29456
302585.669697,4123964.1561
302585.626958,4123964.01203
302585.587267,4123963.87178
302585.546315,4123963.72823
302585.505168,4123963.58265
302585.464094,4123963.44651
302585.423455,4123963.30369
302585.38226,4123963.16237
302585.339295,4123963.02127
302585.296986,4123962.87664
302585.256774,4123962.73307
302585.215926,4123962.58767
302585.172443,4123962.44344
302585.131344,4123962.29989
302585.086443,4123962.15829
302585.044335,4123962.01587
302585.001448,4123961.87181
302584.959487,4123961.7294
302584.916674,4123961.58848
302584.876226,4123961.44751
302584.830491,4123961.30185
302584.78943,4123961.15997
302584.746543,4123961.01591
302584.702269,4123960.87577
302584.653899,4123960.73757
302584.608894,4123960.59782
302584.562937,4123960.45531
302584.513848,4123960.31806
302584.470344,4123960.1792
302584.423856,4123960.03929
302584.377803,4123959.89901
302584.331277,4123959.75744
302584.282754,4123959.61906
302584.235092,4123959.48585
302584.185778,4123959.34527
302584.137546,4123959.21299
302584.090154,4123959.07237
302584.044258,4123958.93874
302583.994774,4123958.79724
302583.947647,4123958.66161
302583.900437,4123958.52246
302583.855341,4123958.38512
302583.80554,4123958.24899
302583.759418,4123958.11204
302583.71196,4123957.97493
302583.664929,4123957.83708
302583.617345,4123957.7009
302583.567553,4123957.56514
302583.518908,4123957.42788
302583.469146,4123957.29342
302583.423215,4123957.15831
302583.371913,4123957.0213
302583.325052,4123956.88436
302583.281451,4123956.74772
302583.23172,4123956.60826
302583.186532,4123956.47961
302583.135483,4123956.34074
302583.088434,4123956.20844
302583.042994,4123956.07536
302582.994359,4123955.94475
302582.946636,4123955.80895
302582.897026,4123955.67467
302582.854061,4123955.54615
302582.805677,4123955.4137
302582.759885,4123955.28451
302582.711993,4123955.15407
302582.66434,4123955.02123
302582.61453,4123954.89102
302582.569742,4123954.76052
302582.524063,4123954.62985
302582.473758,4123954.49743
302582.427487,4123954.36677
302582.380004,4123954.23485
302582.332659,4123954.10255
302582.285198,4123953.97155
302582.235848,4123953.84208
302582.191331,4123953.71675
302582.141803,4123953.58598
302582.09973,4123953.45763
302582.049067,4123953.32892
302582.000118,4123953.19759
302581.954652,4123953.06969
302581.904516,4123952.9382
302581.857855,4123952.80977
302581.811119,4123952.68449
302581.759926,4123952.5521
302581.715187,4123952.42992
302581.666346,4123952.29691
302581.61778,4123952.16927
302581.568748,4123952.04071
302581.523365,4123951.91003
302581.476503,4123951.78568
302581.426863,4123951.6564
302581.379166,4123951.52799
302581.331957,4123951.40143
302581.284212,4123951.27728
302581.235037,4123951.14891
302581.186323,4123951.02128
302581.140527,4123950.89819
302581.093648,4123950.7731
302581.044542,4123950.64769
302580.997293,4123950.51946
302580.94921,4123950.39347
302580.902518,4123950.27004
302580.854103,4123950.14258
302580.805715,4123950.01623
302580.755262,4123949.88382
302580.706804,4123949.7608
302580.654785,4123949.62473
302580.60741,4123949.50372
302580.559557,4123949.37495
302580.510534,4123949.24676
302580.463024,4123949.12631
302580.415354,4123948.99901
302580.367905,4123948.87486
302580.321152,4123948.74884
302580.270703,4123948.62291
302580.224641,4123948.50113
302580.176192,4123948.37848
302580.126647,4123948.25326
302580.079155,4123948.12726
302580.028593,4123948.00281
302579.976052,4123947.86971
302579.93336,4123947.74655
302579.881602,4123947.61528
302579.827235,4123947.4863
302579.777137,4123947.35018
302579.725988,4123947.21964
302579.672803,4123947.08433
302579.615953,4123946.95041
302579.564225,4123946.81414
302579.510762,4123946.68587
302579.457007,4123946.54521
302579.403844,4123946.41083
302579.350051,4123946.2748
302579.295692,4123946.13989
302579.240942,4123946.00721
302579.188253,4123945.86783
302579.132063,4123945.73685
302579.082592,4123945.60219
302579.024941,4123945.4657
302578.971087,4123945.33337
302578.916411,4123945.19754
302578.862543,4123945.06466
302578.805093,4123944.93038
302578.74745,4123944.79425
302578.686221,4123944.66284
302578.628379,4123944.53079
302578.568254,4123944.4023
302578.512381,4123944.26595
302578.455657,4123944.13739
302578.398415,4123944.0057
302578.342943,4123943.87377
302578.282991,4123943.74011
302578.225741,4123943.60804
302578.170882,4123943.47074
302578.111826,4123943.33742
302578.052875,4123943.20854
302577.994938,4123943.07243
302577.937243,4123942.94037
302577.880006,4123942.80886
302577.820272,4123942.67186
302577.764334,4123942.53902
302577.704862,4123942.40683
302577.646789,4123942.27756
302577.587816,4123942.14146
302577.526643,4123942.00616
302577.464961,4123941.86809
302577.402548,4123941.73041
302577.347476,4123941.59663
302577.284977,4123941.46155
302577.226934,4123941.32728
302577.169279,4123941.1906
302577.108102,4123941.05511
302577.047176,4123940.92406
302576.987673,4123940.79056
302576.926839,4123940.65081
302576.866396,4123940.51512
302576.804966,4123940.38149
302576.745193,4123940.24282
302576.682603,4123940.11015
