302604.076061,4124057.86058
302604.072818,4124057.99314
302604.065456,4124058.13302
302604.058177,4124058.27012
302604.051886,4124058.40515
302604.043511,4124058.53969
302604.03925,4124058.67301
302604.034528,4124058.80561
302604.031158,4124058.9391
302604.023418,4124059.07547
302604.024719,4124059.20626
302604.022054,4124059.35084
302604.018767,4124059.48784
302604.009926,4124059.62146
302603.99909,4124059.76456
302603.994847,4124059.89863
302603.986746,4124060.03223
302603.97898,4124060.16749
302603.97224,4124060.29606
302603.965583,4124060.42815
302603.961952,4124060.56313
302603.953234,4124060.70192
302603.948368,4124060.83471
302603.936897,4124060.96969
302603.934298,4124061.10445
302603.929823,4124061.2413
302603.922879,4124061.37377
302603.918827,4124061.50968
302603.91614,4124061.64704
302603.915327,4124061.77603
302603.910197,4124061.9164
302603.908419,4124062.05467
302603.905066,4124062.1889
302603.901866,4124062.3296
302603.900332,4124062.47193
302603.905368,4124062.59801
302603.903051,4124062.7385
302603.907974,4124062.87235
302603.911375,4124063.01068
302603.913889,4124063.14903
302603.91352,4124063.2843
302603.916913,4124063.42226
302603.920818,4124063.56316
302603.923315,4124063.69448
302603.929386,4124063.83311
302603.935153,4124063.97139
302603.944298,4124064.10865
302603.954401,4124064.25515
302603.964025,4124064.39388
302603.975171,4124064.52814
302603.981551,4124064.66733
302603.985934,4124064.8097
302603.992471,4124064.94925
302603.997268,4124065.09032
302604.0041,4124065.23615
302604.00988,4124065.36869
302604.01376,4124065.51477
302604.021088,4124065.65023
302604.025111,4124065.78984
302604.031691,4124065.93753
302604.035453,4124066.07233
302604.041202,4124066.21616
302604.04419,4124066.35579
302604.047691,4124066.49837
302604.058089,4124066.63857
302604.059447,4124066.77805
302604.06697,4124066.92183
302604.073798,4124067.06119
302604.077551,4124067.20192
302604.078961,4124067.34362
302604.079905,4124067.48441
302604.086542,4124067.62821
302604.08996,4124067.77357
302604.097371,4124067.91883
302604.099546,4124068.06163
302604.101521,4124068.20221
302604.104296,4124068.34537
302604.104757,4124068.4845
302604.106358,4124068.62805
302604.106093,4124068.76147
302604.107885,4124068.90687
302604.107903,4124069.04601
302604.105195,4124069.18874
302604.106504,4124069.32619
302604.102822,4124069.46524
302604.105749,4124069.60228
302604.104493,4124069.74387
302604.111947,4124069.88469
302604.10966,4124070.02019
302604.116018,4124070.16474
302604.113605,4124070.30117
302604.119224,4124070.43944
302604.118468,4124070.57712
302604.118969,4124070.71163
302604.116999,4124070.85434
302604.121622,4124070.98802
302604.121727,4124071.12457
302604.123289,4124071.26017
302604.123403,4124071.39709
302604.124447,4124071.52955
302604.123282,4124071.66873
302604.125866,4124071.80374
302604.122722,4124071.94056
302604.124558,4124072.07522
302604.123284,4124072.20977
302604.124816,4124072.35036
302604.127147,4124072.48094
302604.13037,4124072.61798
302604.134036,4124072.75501
302604.132697,4124072.89307
302604.13038,4124073.02728
302604.126358,4124073.16449
302604.12755,4124073.29694
302604.121885,4124073.43345
302604.124807,4124073.56402
302604.120242,4124073.70327
302604.114689,4124073.832
302604.104175,4124073.97621
302604.10375,4124074.10907
302604.096149,4124074.24507
302604.096728,4124074.37032
302604.09742,4124074.51297
302604.091719,4124074.64171
302604.095242,4124074.77892
302604.094264,4124074.90717
302604.089194,4124075.04385
302604.088008,4124075.17581
302604.086317,4124075.31777
302604.084847,4124075.45029
302604.07946,4124075.59234
302604.078721,4124075.72447
302604.074569,4124075.86242
302604.070856,4124076.00018
302604.073505,4124076.12538
302604.07057,4124076.26479
302604.062852,4124076.40837
302604.066223,4124076.5454
302604.062018,4124076.68113
302604.062936,4124076.82081
302604.055414,4124076.96014
302604.052162,4124077.09862
302604.053371,4124077.23182
302604.050641,4124077.36733
302604.048676,4124077.51022
302604.049037,4124077.64511
302604.046581,4124077.78598
302604.046843,4124077.9229
302604.04733,4124078.05685
302604.045296,4124078.18421
302604.047131,4124078.32516
302604.048719,4124078.46187
302604.053507,4124078.59627
302604.050725,4124078.72957
302604.06214,4124078.86271
302604.063472,4124079.00108
302604.069795,4124079.13786
302604.067904,4124079.27761
302604.066787,4124079.40624
302604.069892,4124079.54457
302604.06978,4124079.67817
302604.076508,4124079.81327
302604.070816,4124079.93608
302604.077435,4124080.08544
302604.074105,4124080.2143
302604.082507,4124080.35769
302604.081346,4124080.49705
302604.0887,4124080.63991
302604.083848,4124080.77954
302604.097581,4124080.9106
302604.090611,4124081.05453
302604.097713,4124081.18667
302604.092491,4124081.31687
302604.095314,4124081.44948
302604.105368,4124081.58765
302604.109848,4124081.7278
302604.104682,4124081.87299
302604.11398,4124082.00415
302604.11355,4124082.14312
302604.121213,4124082.28023
302604.118039,4124082.42205
302604.124767,4124082.56344
302604.130133,4124082.69728
302604.12345,4124082.84713
302604.125673,4124082.98567
302604.130701,4124083.13025
302604.128301,4124083.27353
302604.143595,4124083.41435
302604.148801,4124083.54764
302604.141557,4124083.69251
302604.154312,4124083.83228
302604.150134,4124083.98799
302604.157322,4124084.11754
302604.155953,4124084.2606
302604.159641,4124084.39855
302604.15428,4124084.548
302604.161813,4124084.67957
302604.170254,4124084.81833
302604.166728,4124084.96404
302604.175682,4124085.10575
302604.173652,4124085.23329
302604.18038,4124085.37468
302604.183141,4124085.51728
302604.190804,4124085.64182
302604.200724,4124085.78055
302604.197959,4124085.93345
302604.207413,4124086.06497
302604.208827,4124086.20057
302604.218225,4124086.34227
302604.229632,4124086.46876
302604.233929,4124086.59485
302604.239713,4124086.72128
302604.235482,4124086.84961
302604.240171,4124086.98605
302604.245455,4124087.11638
302604.252456,4124087.25055
302604.254062,4124087.388
302604.260968,4124087.51181
302604.264956,4124087.65623
302604.278372,4124087.78636
302604.283286,4124087.91984
302604.280573,4124088.04351
302604.28507,4124088.17811
302604.285267,4124088.31226
302604.289076,4124088.4491
302604.293743,4124088.57833
302604.301454,4124088.71748
302604.304903,4124088.84526
302604.300002,4124088.97027
302604.306434,4124089.10538
302604.298381,4124089.22844
302604.302096,4124089.35491
302604.293756,4124089.49722
302604.289651,4124089.62462
302604.287582,4124089.76937
302604.277507,4124089.90708
302604.276333,4124090.03331
302604.265802,4124090.17677
302604.257805,4124090.30852
302604.254379,4124090.4459
302604.247922,4124090.5802
302604.246005,4124090.71884
302604.238591,4124090.8565
302604.234378,4124090.99186
302604.221946,4124091.13629
302604.229487,4124091.26823
302604.220808,4124091.39611
302604.211563,4124091.53769
302604.213373,4124091.67125
302604.203755,4124091.80322
302604.204707,4124091.93809
302604.194854,4124092.06637
302604.195477,4124092.21234
302604.188615,4124092.34203
302604.183998,4124092.47278
302604.184572,4124092.61672
302604.180559,4124092.74171
302604.176972,4124092.87225
302604.174298,4124093.01016
302604.167528,4124093.13744
302604.163398,4124093.2889
302604.154096,4124093.4155
302604.158124,4124093.55529
302604.152171,4124093.70476
302604.139483,4124093.83828
302604.137309,4124093.9723
302604.133874,4124094.1156
302604.128139,4124094.25543
302604.126192,4124094.38649
302604.12644,4124094.52285
302604.119561,4124094.67067
302604.114687,4124094.80309
302604.107373,4124094.93871
302604.10707,4124095.08304
302604.09626,4124095.22096
302604.098674,4124095.35506
302604.078488,4124095.50948
302604.083677,4124095.63574
302604.078429,4124095.78371
302604.070658,4124095.91878
302604.077899,4124096.05683
302604.065854,4124096.19885
302604.069573,4124096.3381
302604.061807,4124096.47336
302604.058346,4124096.61555
302604.057612,4124096.74787
302604.059722,4124096.88789
302604.054934,4124097.03029
302604.0557,4124097.16979
302604.054501,4124097.3012
302604.05144,4124097.43524
302604.048505,4124097.57464
302604.045414,4124097.71367
302604.046471,4124097.85298
302604.04238,4124097.99352
302604.04028,4124098.13068
302604.040163,4124098.26409
302604.033615,4124098.4071
302604.034794,4124098.54529
302604.03222,4124098.68746
302604.033604,4124098.82805
302604.02576,4124098.96627
302604.027704,4124099.11185
302604.023221,4124099.24833
302604.027862,4124099.38903
302604.023392,4124099.52606
302604.021097,4124099.66749
302604.017288,4124099.80117
302604.017063,4124099.94255
302604.014824,4124100.08008
302604.01766,4124100.21953
302604.013781,4124100.36913
302604.009377,4124100.50894
302604.015213,4124100.65017
302604.005995,4124100.79286
302604.006174,4124100.93885
302604.004652,4124101.08174
302604.003944,4124101.22775
302604.008759,4124101.36956
302603.998275,4124101.51506
302604.006786,4124101.65678
302604.005186,4124101.78375
302604.009009,4124101.93373
302604.012289,4124102.06687
302604.022482,4124102.20467
302604.022596,4124102.34789
302604.023692,4124102.48886
302604.035425,4124102.62921
302604.04014,4124102.76677
302604.040123,4124102.91073
302604.053148,4124103.05567
302604.047813,4124103.19994
302604.055906,4124103.32391
302604.060577,4124103.46591
302604.076367,4124103.59636
302604.081543,4124103.73464
302604.086148,4124103.88016
302604.09078,4124104.0142
302604.097925,4124104.15447
302604.104936,4124104.28902
302604.117212,4124104.42103
302604.128824,4124104.56249
302604.144449,4124104.69221
302604.147676,4124104.82314
302604.162662,4124104.95712
302604.178239,4124105.0848
302604.188532,4124105.22056
302604.211689,4124105.34972
302604.223387,4124105.4823
302604.239278,4124105.60443
302604.259395,4124105.73644
302604.273354,4124105.85823
302604.285557,4124105.99968
302604.304513,4124106.12007
302604.321133,4124106.2418
302604.341829,4124106.36695
302604.359698,4124106.49772
302604.39006,4124106.61247
302604.413125,4124106.73146
302604.436495,4124106.8634
302604.460426,4124107.00661
302604.495997,4124107.10384
302604.515549,4124107.24956
302604.536757,4124107.37766
302604.570498,4124107.49141
302604.600291,4124107.61968
302604.626596,4124107.7632
302604.659172,4124107.89659
302604.696113,4124108.00174
302604.719748,4124108.15125
302604.758273,4124108.26081
302604.79167,4124108.3914
302604.818575,4124108.51641
302604.854156,4124108.66434
302604.885136,4124108.78019
302604.926143,4124108.91356
302604.960684,4124109.05504
302605.00197,4124109.18766
302605.042617,4124109.31198
302605.080663,4124109.4704
302605.12741,4124109.58994
302605.170884,4124109.7338
302605.221301,4124109.85215
302605.269723,4124109.97998
302605.313666,4124110.11236
302605.365166,4124110.2453
302605.410518,4124110.36839
302605.470885,4124110.49465
302605.523086,4124110.6322
302605.580235,4124110.76001
302605.636002,4124110.89822
302605.690259,4124111.02258
302605.751914,4124111.15954
302605.806084,4124111.2802
302605.86159,4124111.4136
302605.91817,4124111.54235
302605.978433,4124111.67675
302606.03957,4124111.81058
302606.107273,4124111.93425
302606.172328,4124112.06484
302606.234921,4124112.1977
302606.309726,4124112.3214
302606.36968,4124112.46154
302606.450786,4124112.58268
302606.520011,4124112.70188
302606.602725,4124112.81596
302606.67609,4124112.94764
302606.75233,4124113.06316
302606.830578,4124113.18233
302606.90924,4124113.29391
302606.987362,4124113.4203
302607.063262,4124113.55286
302607.156296,4124113.66539
302607.243167,4124113.77381
302607.331131,4124113.90349
302607.419646,4124114.01262
302607.50373,4124114.12203
302607.599942,4124114.23134
302607.689614,4124114.34562
302607.793097,4124114.44329
302607.876456,4124114.57845
302607.974525,4124114.67236
302608.068493,4124114.76174
302608.168071,4124114.87579
302608.265679,4124114.98784
302608.369367,4124115.08792
302608.479107,4124115.18747
302608.575002,4124115.29587
302608.676772,4124115.38988
302608.777258,4124115.49225
302608.883394,4124115.59578
302608.990104,4124115.68597
302609.093726,4124115.77069
302609.196565,4124115.86615
302609.304736,4124115.96186
302609.416925,4124116.0523
302609.519051,4124116.13631
302609.624782,4124116.22893
302609.729413,4124116.29993
302609.831461,4124116.37432
302609.940666,4124116.46371
302610.038296,4124116.55153
302610.145406,4124116.62728
302610.251289,4124116.7075
302610.362947,4124116.77538
302610.47324,4124116.84809
302610.577227,4124116.92318
302610.682519,4124116.99712
302610.783623,4124117.08171
302610.891555,4124117.15467
302611.003878,4124117.20679
302611.1091,4124117.28407
302611.221833,4124117.35358
302611.333152,4124117.42591
302611.454594,4124117.48837
302611.570614,4124117.55928
302611.697687,4124117.61588
302611.822513,4124117.68381
302611.948191,4124117.74395
302612.065706,4124117.80928
302612.187249,4124117.86341
302612.322511,4124117.90964
302612.443179,4124117.97693
302612.569835,4124118.04093
302612.702627,4124118.09536
302612.820834,4124118.15863
302612.949769,4124118.21888
302613.081726,4124118.28184
302613.210226,4124118.33618
302613.332068,4124118.39049
302613.459216,4124118.44393
302613.589547,4124118.50064
302613.716742,4124118.55612
302613.850113,4124118.60368
302613.977264,4124118.64473
302614.103416,4124118.69357
302614.241453,4124118.73825
302614.359264,4124118.77841
302614.491051,4124118.82157
302614.624282,4124118.86321
302614.763154,4124118.89936
302614.903273,4124118.92567
302615.032816,4124118.96148
302615.167339,4124118.99514
302615.296021,4124119.02579
302615.431975,4124119.05738
302615.558792,4124119.08419
302615.706086,4124119.11366
302615.842366,4124119.14025
302615.99009,4124119.16915
302616.131266,4124119.19636
302616.269672,4124119.21901
302616.405456,4124119.2371
302616.546184,4124119.27043
302616.691243,4124119.28034
302616.835019,4124119.3049
302616.975799,4124119.32786
302617.125472,4124119.33267
302617.273597,4124119.34713
302617.417104,4124119.35394
302617.555814,4124119.37066
302617.699508,4124119.37912
302617.840823,4124119.38079
302617.985795,4124119.3933
302618.131593,4124119.3969
302618.267272,4124119.39797
302618.409053,4124119.40684
302618.539479,4124119.39212
302618.687834,4124119.4038
302618.81643,4124119.39301
302618.953705,4124119.39903
302619.094711,4124119.39387
302619.23146,4124119.40268
302619.360577,4124119.40149
302619.494021,4124119.40816
302619.628405,4124119.40444
302619.76144,4124119.4126
302619.890879,4124119.40623
302620.02855,4124119.41021
302620.167378,4124119.41305
302620.306118,4124119.42477
302620.443011,4124119.42081
302620.576024,4124119.42805
302620.726158,4124119.42729
302620.86466,4124119.41626
302621.014115,4124119.41812
302621.145202,4124119.42521
302621.291179,4124119.42381
302621.422223,4124119.42906
302621.580349,4124119.43478
302621.722747,4124119.43217
302621.863018,4124119.44608
302622.00913,4124119.43783
302622.143917,4124119.43873
302622.28792,4124119.44774
302622.434123,4124119.44967
302622.56948,4124119.44334
302622.705629,4124119.45809
302622.864442,4124119.46157
302623.004044,4124119.46587
302623.148329,4124119.46174
302623.290322,4124119.47339
302623.426476,4124119.46945
302623.57834,4124119.4668
302623.714472,4124119.48081
302623.852334,4124119.47405
302623.992705,4124119.47963
302624.129537,4124119.47937
302624.257258,4124119.48803
302624.401352,4124119.48834
302624.537262,4124119.49291
302624.687504,4124119.49049
302624.826449,4124119.49203
302624.964703,4124119.49563
302625.101734,4124119.4913
302625.241527,4124119.51003
302625.374937,4124119.50893
302625.520392,4124119.5105
302625.656262,4124119.51971
302625.79622,4124119.51401
302625.952633,4124119.52236
302626.072462,4124119.5225
302626.207628,4124119.53949
302626.346099,4124119.53346
302626.485666,4124119.54257
302626.622224,4124119.53696
302626.763921,4124119.54232
302626.901336,4124119.53539
302627.037733,4124119.5418
302627.185414,4124119.5437
302627.32602,4124119.54039
302627.451258,4124119.5504
302627.598331,4124119.53898
302627.733505,4124119.53747
302627.879921,4124119.53588
302628.014731,4124119.55029
302628.148301,4124119.54973
302628.284063,4124119.55431
302628.415615,4124119.55603
302628.554417,4124119.56405
302628.693458,4124119.56338
302628.828197,4124119.57482
302628.960263,4124119.5732
302629.114102,4124119.57902
302629.239345,4124119.58921
302629.388987,4124119.58014
302629.538082,4124119.58552
302629.664977,4124119.59049
302629.800191,4124119.59064
302629.944015,4124119.59207
302630.079881,4124119.60109
302630.220078,4124119.59298
302630.354466,4124119.60203
302630.489041,4124119.59387
302630.639057,4124119.59441
302630.773458,4124119.59144
302630.911324,4124119.60374
302631.051056,4124119.58843
302631.18374,4124119.60048
302631.333352,4124119.6027
302631.471231,4124119.59668
302631.602958,4124119.60579
302631.742933,4124119.61342
302631.88287,4124119.6068
302632.019149,4124119.60193
302632.149997,4124119.60514
302632.279145,4124119.60525
302632.418564,4124119.61437
302632.547998,4124119.60781
302632.688457,4124119.62967
302632.819831,4124119.61122
302632.944073,4124119.61663
302633.088015,4124119.61047
302633.206608,4124119.60213
302633.34691,4124119.60475
302633.460199,4124119.59728
302633.594643,4124119.60873
302633.71615,4124119.60477
302633.83854,4124119.60688
302633.972706,4124119.59392
302634.087325,4124119.599
302634.218926,4124119.58388
302634.323387,4124119.58475
302634.451086,4124119.56731
302634.576294,4124119.56974
302634.734207,4124119.54123
302634.862707,4124119.52636
302634.976622,4124119.53294
302635.112432,4124119.52068
302635.236152,4124119.50389
302635.35899,4124119.48102
302635.516782,4124119.4725
302635.630888,4124119.46204
302635.760353,4124119.4379
302635.89024,4124119.4317
302636.015517,4124119.39934
302636.149427,4124119.37546
302636.273421,4124119.36404
302636.404748,4124119.33726
302636.531373,4124119.29931
302636.657707,4124119.28043
302636.782733,4124119.25621
302636.942864,4124119.22136
302637.06301,4124119.19725
302637.170119,4124119.15347
302637.299158,4124119.12379
302637.450975,4124119.08137
302637.568373,4124119.04104
302637.7044,4124119.00657
302637.832982,4124118.96377
302637.948271,4124118.92183
302638.074762,4124118.87185
302638.189342,4124118.81865
302638.321159,4124118.76873
302638.426699,4124118.72739
302638.544445,4124118.67041
302638.663212,4124118.61914
302638.758345,4124118.55676
302638.876078,4124118.48664
302638.991593,4124118.41028
302639.098254,4124118.34745
302639.212204,4124118.28001
302639.318239,4124118.20942
302639.424518,4124118.13032
302639.530309,4124118.04937
302639.624034,4124117.96483
302639.725307,4124117.88677
302639.827042,4124117.80314
302639.920566,4124117.72267
302640.022383,4124117.64257
302640.117873,4124117.55761
302640.209979,4124117.46718
302640.297398,4124117.39759
302640.381039,4124117.28682
302640.47675,4124117.18613
302640.550523,4124117.09613
302640.628102,4124116.98551
302640.711537,4124116.89121
302640.793777,4124116.78381
302640.86702,4124116.68383
302641.003973,4124116.46227
302641.07769,4124116.3447
302641.130042,4124116.24337
302641.194657,4124116.13508
302641.248184,4124116.02706
302641.311564,4124115.904
302641.361124,4124115.78459
302641.414355,4124115.67658
302641.469555,4124115.54538
302641.518459,4124115.42951
302641.567107,4124115.30902
302641.612131,4124115.19805
302641.647633,4124115.06584
302641.690458,4124114.94937
302641.728203,4124114.82451
302641.732665,4124114.6871
302641.756012,4124114.58534
302641.787365,4124114.44027
302641.803977,4124114.32886
302641.862734,4124114.18537
302641.875606,4124114.05962
302641.904115,4124113.94459
302641.910134,4124113.81048
302641.934555,4124113.6852
302641.9439,4124113.55416
302641.945331,4124113.41997
302641.954724,4124113.30355
302641.962821,4124113.16347
302641.952815,4124113.03992
302641.973914,4124112.91804
302641.965108,4124112.7889
302641.972692,4124112.65846
302641.978736,4124112.53175
302641.965182,4124112.3957
302641.9685,4124112.25999
302641.95805,4124112.14274
302641.956707,4124112.00381
302641.944104,4124111.88309
302641.947409,4124111.75941
302641.91506,4124111.61676
302641.898184,4124111.49041
302641.886034,4124111.35747
302641.869966,4124111.23406
302641.86243,4124111.09601
302641.843527,4124110.96527
302641.842157,4124110.83781
302641.829472,4124110.701
302641.816565,4124110.56104
302641.819857,4124110.41793
302641.803559,4124110.2973
302641.803894,4124110.16055
302641.788417,4124110.02454
302641.776428,4124109.89845
302641.768227,4124109.76985
302641.774058,4124109.62779
302641.77121,4124109.50037
302641.76797,4124109.38776
302641.752094,4124109.24103
302641.749645,4124109.11175
302641.73423,4124108.98462
302641.733765,4124108.86417
302641.733386,4124108.73484
302641.725754,4124108.60531
302641.724689,4124108.45305
302641.715748,4124108.32448
302641.713505,4124108.1913
302641.706899,4124108.04879
302641.700946,4124107.90886
302641.696663,4124107.78332
302641.711535,4124107.65456
302641.694541,4124107.51692
302641.70149,4124107.36577
302641.70496,4124107.23024
302641.708895,4124107.07675
302641.692492,4124106.95168
302641.670193,4124106.79604
302641.680595,4124106.67219
302641.66714,4124106.52781
302641.668723,4124106.3938
302641.656895,4124106.26197
302641.674711,4124106.11999
302641.670732,4124105.98853
302641.662596,4124105.84383
302641.669319,4124105.71452
302641.659443,4124105.55877
302641.668793,4124105.44049
302641.658948,4124105.29233
302641.665275,4124105.15248
302641.66377,4124105.01929
302641.65169,4124104.87672
302641.659935,4124104.73664
302641.653773,4124104.59412
302641.646393,4124104.45644
302641.657708,4124104.29594
302641.659896,4124104.15618
302641.651038,4124104.02483
302641.651446,4124103.86606
302641.650764,4124103.73637
302641.645332,4124103.58717
302641.646585,4124103.4454
302641.640497,4124103.29344
302641.653334,4124103.15992
302641.648976,4124103.01236
302641.651311,4124102.86631
302641.65713,4124102.7237
302641.661726,4124102.59203
302641.666353,4124102.44278
302641.672585,4124102.32403
302641.675229,4124102.17223
302641.673189,4124102.04146
302641.666284,4124101.89878
302641.679281,4124101.75951
302641.683104,4124101.61379
302641.6836,4124101.4776
302641.680525,4124101.34685
302641.680369,4124101.19549
302641.682904,4124101.05795
302641.686531,4124100.92279
302641.689157,4124100.78284
302641.692362,4124100.64861
302641.690923,4124100.5119
302641.695271,4124100.36969
302641.694245,4124100.23168
302641.697245,4124100.08876
302641.699207,4124099.94568
302641.695102,4124099.81515
302641.69982,4124099.67607
302641.703333,4124099.54239
302641.703203,4124099.39844
302641.705625,4124099.26238
302641.710839,4124099.12552
302641.712609,4124098.98059
302641.713005,4124098.84643
302641.716388,4124098.71979
302641.718567,4124098.57966
302641.722172,4124098.44358
302641.718371,4124098.30711
302641.724637,4124098.17096
302641.724307,4124098.03737
302641.725394,4124097.90116
302641.73053,4124097.77355
302641.727564,4124097.64113
302641.729264,4124097.50583
302641.729295,4124097.37501
302641.727799,4124097.24219
302641.72886,4124097.11116
302641.728564,4124096.97905
302641.731521,4124096.84686
302641.729538,4124096.71849
302641.731556,4124096.5904
302641.728542,4124096.46224
302641.729803,4124096.33343
302641.728916,4124096.20133
302641.730395,4124096.07547
302641.731047,4124095.94593
302641.73166,4124095.81473
302641.732582,4124095.69036
302641.735448,4124095.57317
302641.739757,4124095.45446
302641.74328,4124095.33373
302641.74558,4124095.21137
302641.750077,4124095.09432
302641.756856,4124094.97999
302641.760713,4124094.86092
302641.761909,4124094.74821
302641.770754,4124094.63365
302641.769019,4124094.51582
302641.775151,4124094.40539
302641.780256,4124094.28907
302641.77983,4124094.17658
302641.783891,4124094.0662
302641.789518,4124093.95949
302641.791736,4124093.84619
302641.798903,4124093.73574
302641.799516,4124093.62341
302641.807548,4124093.51202
302641.808352,4124093.40153
302641.810091,4124093.29306
302641.819828,4124093.17866
302641.817888,4124093.07102
302641.822041,4124092.96452
302641.826968,4124092.84691
302641.827434,4124092.74087
302641.835609,4124092.62929
302641.834791,4124092.51903
302641.83757,4124092.41072
302641.84705,4124092.29799
302641.845489,4124092.18756
302641.852838,4124092.0723
302641.855908,4124091.96379
302641.858022,4124091.84606
302641.861996,4124091.73198
302641.866693,4124091.61086
302641.871815,4124091.48899
302641.875268,4124091.37159
302641.877634,4124091.25829
302641.880669,4124091.13573
302641.888214,4124091.02249
302641.890119,4124090.90847
302641.894576,4124090.79605
302641.895533,4124090.68574
302641.900664,4124090.57682
302641.903808,4124090.45888
302641.90616,4124090.35132
302641.91381,4124090.23623
302641.915745,4124090.1235
302641.920102,4124090.00682
302641.919237,4124089.89452
302641.919654,4124089.77387
302641.921098,4124089.65911
302641.918637,4124089.54815
302641.922263,4124089.43186
302641.919506,4124089.32091
302641.924977,4124089.20753
302641.926221,4124089.09685
302641.92649,4124088.98249
302641.928373,4124088.86754
302641.930021,4124088.7489
302641.931839,4124088.63746
302641.932057,4124088.52088
302641.935166,4124088.40775
302641.936966,4124088.28929
302641.935505,4124088.17053
302641.938801,4124088.05906
302641.937571,4124087.93752
302641.942389,4124087.82157
302641.93911,4124087.70101
302641.942598,4124087.5788
302641.943102,4124087.46185
302641.943528,4124087.34785
302641.944081,4124087.22664
302641.943559,4124087.10379
302641.944703,4124086.98257
302641.947721,4124086.85297
302641.945446,4124086.73108
302641.950247,4124086.60182
302641.950321,4124086.47284
302641.950243,4124086.34998
302641.952282,4124086.22281
302641.953039,4124086.104
302641.952922,4124085.98577
302641.954048,4124085.87009
302641.954083,4124085.75204
302641.953896,4124085.63714
302641.957288,4124085.51086
302641.954839,4124085.38787
302641.958114,4124085.26289
302641.957905,4124085.14077
302641.960093,4124085.01989
302641.957605,4124084.89524
302641.959997,4124084.77047
302641.958823,4124084.64504
302641.957127,4124084.52888
302641.959362,4124084.40374
302641.960167,4124084.28067
302641.962098,4124084.15517
302641.961641,4124084.04139
302641.961319,4124083.92075
302641.960167,4124083.80254
302641.961202,4124083.68298
302641.959749,4124083.56459
302641.961141,4124083.44762
302641.965268,4124083.32743
302641.963502,4124083.20831
302641.963876,4124083.0921
302641.968642,4124082.96764
302641.963755,4124082.85414
302641.966233,4124082.72678
302641.967621,4124082.60962
302641.967882,4124082.4886
302641.970173,4124082.37216
302641.970686,4124082.24928
302641.970665,4124082.13512
302641.972626,4124082.0172
302641.974313,4124081.89393
302641.972439,4124081.77647
302641.977027,4124081.65073
302641.973587,4124081.52332
302641.978562,4124081.40145
302641.979606,4124081.27597
302641.978453,4124081.15147
302641.982632,4124081.02721
302641.981841,4124080.90547
302641.98385,4124080.77701
302641.990425,4124080.65399
302641.988212,4124080.5284
302641.993417,4124080.40375
302641.992913,4124080.27535
302641.996483,4124080.15037
302641.998087,4124080.02987
302641.998066,4124079.90312
302642.001614,4124079.77721
302642.003302,4124079.64765
302642.004624,4124079.52142
302642.006663,4124079.39425
302642.008016,4124079.26932
302642.010381,4124079.14344
302642.013343,4124079.01773
302642.013364,4124078.89283
302642.019113,4124078.76613
302642.020874,4124078.646
302642.021649,4124078.51535
302642.023932,4124078.38596
302642.030354,4124078.25646
302642.034807,4124078.13127
302642.039726,4124078.00071
302642.041891,4124077.87261
302642.045662,4124077.74355
302642.052293,4124077.61665
302642.056264,4124077.4898
302642.059525,4124077.36427
302642.063656,4124077.23169
302642.070088,4124077.09628
302642.069783,4124076.9638
302642.075289,4124076.83303
302642.078616,4124076.69769
302642.083521,4124076.56657
302642.08626,4124076.43772
302642.090613,4124076.30828
302642.093549,4124076.17517
302642.098106,4124076.05442
302642.102124,4124075.92332
302642.103377,4124075.79414
302642.110078,4124075.6639
302642.113722,4124075.53577
302642.11337,4124075.41384
302642.117536,4124075.28273
302642.117597,4124075.15321
302642.119714,4124075.02937
302642.124085,4124074.90066
302642.121115,4124074.77435
302642.125211,4124074.64658
302642.126546,4124074.51462
302642.129173,4124074.38725
302642.131904,4124074.25803
302642.1336,4124074.12884
302642.136622,4124073.99943
302642.135879,4124073.87344
302642.138849,4124073.7481
302642.140119,4124073.61336
302642.141706,4124073.48583
302642.146463,4124073.34842
302642.147172,4124073.215
302642.147455,4124073.08232
302642.149086,4124072.95035
302642.151456,4124072.81207
302642.151708,4124072.68439
302642.153504,4124072.55316
302642.157083,4124072.42225
302642.158648,4124072.28751
302642.159923,4124072.15925
302642.160018,4124072.01862
302642.162732,4124071.88866
302642.162941,4124071.75284
302642.162967,4124071.61554
302642.163632,4124071.48026
302642.164411,4124071.3435
302642.166072,4124071.20654
302642.167585,4124071.06958
302642.168681,4124070.93373
302642.166359,4124070.79723
302642.169781,4124070.65967
302642.170138,4124070.51755
302642.170856,4124070.3782
302642.171973,4124070.23699
302642.168686,4124070.10348
302642.169295,4124069.9595
302642.168851,4124069.8274
302642.168712,4124069.68936
302642.167368,4124069.55043
302642.168686,4124069.41144
302642.163516,4124069.27334
302642.162737,4124069.13329
302642.165412,4124068.99537
302642.163494,4124068.85719
302642.162607,4124068.71881
302642.161485,4124068.58302
302642.161229,4124068.44628
302642.159063,4124068.30386
302642.155824,4124068.17237
302642.157241,4124068.03134
302642.155124,4124067.89095
302642.152762,4124067.75278
302642.157798,4124067.61462
302642.154028,4124067.47945
302642.157442,4124067.34152
302642.161682,4124067.20727
302642.160694,4124067.07092
302642.159233,4124066.93329
302642.16393,4124066.79329
302642.162334,4124066.65622
302642.1671,4124066.51918
302642.163656,4124066.38529
302642.164235,4124066.24632
302642.164539,4124066.10827
302642.167505,4124065.97016
302642.165766,4124065.83328
302642.16884,4124065.6998
302642.171071,4124065.56189
302642.169471,4124065.41834
302642.170062,4124065.27992
302642.170528,4124065.14243
302642.169754,4124065.00256
302642.168245,4124064.86289
302642.171371,4124064.71904
302642.169919,4124064.57549
302642.171867,4124064.43186
302642.17222,4124064.29585
302642.172024,4124064.15541
302642.175364,4124064.01433
302642.173872,4124063.87541
302642.175573,4124063.73381
302642.174168,4124063.59229
302642.17659,4124063.44994
302642.175386,4124063.31064
302642.177195,4124063.16738
302642.178339,4124063.02728
302642.175573,4124062.8845
302642.179313,4124062.74156
302642.182257,4124062.60253
302642.179944,4124062.46011
302642.181509,4124062.31907
302642.179461,4124062.18164
302642.17987,4124062.04174
302642.181431,4124061.90052
302642.182053,4124061.76339
302642.181936,4124061.61999
302642.182044,4124061.47992
302642.182501,4124061.33577
302642.182758,4124061.19569
302642.18735,4124061.04496
302642.189485,4124060.90928
302642.189703,4124060.76753
302642.192212,4124060.62888
302642.192569,4124060.48677
302642.191995,4124060.34282
302642.191564,4124060.19869
302642.191425,4124060.05436
302642.191421,4124059.90319
302642.191799,4124059.75571
302642.19333,4124059.59432
302642.194691,4124059.44459
302642.193817,4124059.29418
302642.196231,4124059.14517
302642.195657,4124058.99493
302642.194261,4124058.84749
302642.195435,4124058.6961
302642.194261,4124058.54551
302642.19691,4124058.39391
302642.196488,4124058.24385
302642.205298,4124058.09006
302642.202493,4124057.93933
302642.200228,4124057.79265
302642.201072,4124057.64608
302642.201463,4124057.49915
302642.203337,4124057.34608
302642.202872,4124057.20047
302642.204912,4124057.04813
302642.205007,4124056.90121
302642.204977,4124056.74893
302642.207304,4124056.60251
302642.206064,4124056.44915
302642.208717,4124056.29772
302642.204164,4124056.14814
302642.209161,4124055.99573
302642.209144,4124055.844
302642.211657,4124055.69296
302642.211618,4124055.53401
302642.215219,4124055.38516
302642.215045,4124055.22677
302642.216624,4124055.07371
302642.21184,4124054.9269
302642.213502,4124054.77106
302642.213741,4124054.61766
302642.214554,4124054.4698
302642.214263,4124054.31271
302642.217024,4124054.15333
302642.215646,4124054.00034
302642.218616,4124053.84983
302642.218425,4124053.697
302642.220512,4124053.54041
302642.219425,4124053.39351
302642.223717,4124053.23003
302642.221095,4124053.08076
302642.219725,4124052.92185
302642.221374,4124052.76545
302642.2217,4124052.60946
302642.221222,4124052.45071
302642.22103,4124052.29788
302642.224435,4124052.1407
302642.224992,4124051.98193
302642.226014,4124051.82407
302642.228754,4124051.67005
302642.227619,4124051.51483
302642.231546,4124051.35468
302642.23092,4124051.19594
302642.23302,4124051.0399
302642.232155,4124050.88357
302642.228446,4124050.73211
302642.230394,4124050.57589
302642.233012,4124050.42299
302642.233538,4124050.27551
302642.233886,4124050.11415
302642.237452,4124049.9701
302642.236387,4124049.81784
302642.237352,4124049.66387
302642.238009,4124049.51564
302642.24027,4124049.36016
302642.239066,4124049.21456
302642.242419,4124049.06146
302642.241284,4124048.90624
302642.242715,4124048.75318
302642.240771,4124048.60131
302642.239619,4124048.45165
302642.24178,4124048.29191
302642.239149,4124048.13599
302642.245381,4124047.97948
302642.242494,4124047.81894
302642.243937,4124047.66644
302642.241428,4124047.51569
302642.241833,4124047.35674
302642.242755,4124047.20091
302642.242268,4124047.04179
302642.242255,4124046.89025
302642.244769,4124046.73291
302642.24202,4124046.5657
302642.244069,4124046.41374
302642.240855,4124046.25191
302642.243056,4124046.09383
302642.24383,4124045.93172
302642.2455,4124045.78255
302642.242278,4124045.62035
302642.246361,4124045.46056
302642.240686,4124045.30101
302642.2426,4124045.13702
302642.243022,4124044.97881
302642.243935,4124044.81632
302642.247092,4124044.6549
302642.243192,4124044.48901
302642.246688,4124044.32943
302642.241574,4124044.16857
302642.247014,4124044.00357
302642.248889,4124043.84421
302642.250085,4124043.68117
302642.248141,4124043.52301
302642.251203,4124043.35751
302642.249955,4124043.19749
302642.246206,4124043.03178
302642.242636,4124042.87995
302642.244167,4124042.71227
302642.245315,4124042.55348
302642.242197,4124042.39572
302642.245716,4124042.23706
302642.242976,4124042.07652
302642.244176,4124041.91366
302642.245981,4124041.75134
302642.244794,4124041.5939
302642.243198,4124041.43166
302642.246703,4124041.27245
302642.245508,4124041.11464
302642.246886,4124040.94678
302642.242264,4124040.79423
302642.245056,4124040.62985
302642.24306,4124040.46947
302642.241351,4124040.30872
302642.243878,4124040.14564
302642.244843,4124039.98538
302642.242251,4124039.83112
302642.245687,4124039.67524
302642.241443,4124039.51991
302642.242243,4124039.3652
302642.243256,4124039.20697
302642.238747,4124039.05294
302642.240922,4124038.89376
302642.239095,4124038.7343
302642.241239,4124038.58011
302642.242018,4124038.42448
302642.236769,4124038.27047
302642.239839,4124038.11792
302642.236782,4124037.96275
302642.237152,4124037.80861
302642.237013,4124037.6517
302642.237248,4124037.49811
302642.236639,4124037.33382
302642.236283,4124037.18024
302642.237466,4124037.02294
302642.235822,4124036.86495
302642.233274,4124036.70625
302642.231522,4124036.54994
302642.2317,4124036.38766
302642.229078,4124036.2321
302642.228939,4124036.0752
302642.230461,4124035.91344
302642.231544,4124035.75817
302642.226991,4124035.60229
302642.231175,4124035.44676
302642.229561,4124035.28378
302642.229992,4124035.12594
302642.228375,4124034.96906
302642.225957,4124034.80962
302642.224844,4124034.65532
302642.227014,4124034.49596
302642.218417,4124034.33795
302642.225883,4124034.18364
302642.222466,4124034.0257
302642.218991,4124033.87165
302642.219374,4124033.71177
302642.217856,4124033.55286
302642.215343,4124033.39564
302642.216339,4124033.23667
302642.216035,4124033.07902
302642.21587,4124032.9273
302642.214561,4124032.77097
302642.213822,4124032.61371
302642.212565,4124032.4659
302642.212078,4124032.31307
302642.207647,4124032.16237
302642.208687,4124032.01154
302642.206552,4124031.85782
302642.209,4124031.71029
302642.204686,4124031.55829
302642.207056,4124031.40743
302642.204882,4124031.25834
302642.203152,4124031.11554
302642.20366,4124030.96731
302642.198964,4124030.81791
302642.198455,4124030.67045
302642.20043,4124030.52163
302642.197403,4124030.37405
302642.197495,4124030.22694
302642.198952,4124030.08128
302642.192459,4124029.93729
302642.193651,4124029.79294
302642.195804,4124029.64541
302642.192742,4124029.50264
302642.200857,4124029.35701
302642.201527,4124029.20933
302642.203953,4124029.06717
302642.205549,4124028.92114
302642.206763,4124028.784
302642.208785,4124028.63092
302642.212181,4124028.49225
302642.211608,4124028.34831
302642.211638,4124028.2049
302642.217583,4124028.06136
302642.219192,4124027.91588
302642.224889,4124027.77438
302642.23189,4124027.63174
302642.236065,4124027.48842
302642.246371,4124027.34792
302642.251194,4124027.21329
302642.25826,4124027.07342
302642.264127,4124026.93284
302642.266253,4124026.79679
302642.275664,4124026.66223
302642.277869,4124026.51693
302642.28364,4124026.37857
302642.286088,4124026.23733
302642.292107,4124026.09693
302642.295759,4124025.95659
302642.301695,4124025.81896
302642.302905,4124025.68164
302642.30577,4124025.54557
302642.312393,4124025.412
302642.312007,4124025.26972
302642.315055,4124025.13513
302642.320682,4124024.99696
302642.323374,4124024.85978
302642.325683,4124024.71892
302642.326905,4124024.58844
302642.331376,4124024.4514
302642.331437,4124024.31559
302642.334833,4124024.17691
302642.336669,4124024.04105
302642.335903,4124023.90156
302642.340678,4124023.77118
302642.339017,4124023.63762
302642.339835,4124023.50882
302642.339513,4124023.3756
302642.336504,4124023.24133
302642.335134,4124023.10758
302642.336678,4124022.97191
302642.33059,4124022.83883
302642.330777,4124022.70209
302642.326486,4124022.56989
302642.318371,4124022.4387
302642.308535,4124022.30349
302642.305147,4124022.16571
302642.291301,4124022.02985
302642.282735,4124021.89202
302642.273333,4124021.75642
302642.262662,4124021.61715
302642.254535,4124021.48542
302642.242219,4124021.34545
302642.230865,4124021.2086
302642.22186,4124021.07096
302642.2056,4124020.93312
302642.193724,4124020.79296
302642.178739,4124020.65268
302642.167107,4124020.51029
302642.153535,4124020.36721
302642.139885,4124020.22709
302642.124426,4124020.09182
302642.105849,4124019.95607
302642.087111,4124019.81348
302642.069999,4124019.67085
302642.05437,4124019.52208
302642.033614,4124019.38175
302642.011076,4124019.2411
302641.994403,4124019.09827
302641.972656,4124018.95353
302641.954305,4124018.81482
302641.927687,4124018.67056
302641.901966,4124018.53294
302641.877609,4124018.39048
302641.852909,4124018.24599
302641.825013,4124018.10399
302641.794503,4124017.95779
302641.766351,4124017.81745
302641.732784,4124017.67965
302641.705236,4124017.53985
302641.671377,4124017.40224
302641.636193,4124017.25226
302641.603213,4124017.11426
302641.563732,4124016.9766
302641.528,4124016.83478
302641.489193,4124016.69432
302641.448234,4124016.56298
302641.404687,4124016.41598
302641.36234,4124016.28227
302641.315697,4124016.142
302641.273755,4124016.00032
302641.222955,4124015.8657
302641.173363,4124015.73216
302641.121767,4124015.59515
302641.068006,4124015.46041
302641.011987,4124015.32406
302640.955294,4124015.18421
302640.899223,4124015.06452
302640.835973,4124014.93518
302640.766374,4124014.80637
302640.702858,4124014.67834
302640.632545,4124014.55065
302640.566364,4124014.42879
302640.497047,4124014.29941
302640.422639,4124014.17367
302640.350995,4124014.0586
302640.27563,4124013.92992
302640.20136,4124013.81639
302640.127373,4124013.68971
302640.050381,4124013.56736
302639.971084,4124013.44766
302639.89127,4124013.33111
302639.811429,4124013.21346
302639.730293,4124013.09102
302639.639012,4124012.97123
302639.556018,4124012.8579
302639.468546,4124012.74283
302639.378108,4124012.62746
302639.292937,4124012.50956
302639.196724,4124012.40024
302639.10596,4124012.28358
302639.0141,4124012.17065
302638.916504,4124012.05915
302638.822069,4124011.94998
302638.729092,4124011.84614
302638.627265,4124011.73714
302638.528382,4124011.63381
302638.42809,4124011.52718
302638.324893,4124011.42284
302638.22521,4124011.31694
302638.120474,4124011.21634
302638.017003,4124011.11293
302637.913172,4124011.01305
302637.800947,4124010.91484
302637.699664,4124010.82267
302637.588013,4124010.72371
302637.475749,4124010.62384
302637.368539,4124010.53125
302637.254562,4124010.43401
302637.143403,4124010.33708
302637.025364,4124010.24326
302636.913857,4124010.15041
302636.794053,4124010.0633
302636.675358,4124009.97301
302636.556641,4124009.8881
302636.436306,4124009.7973
302636.310157,4124009.71719
302636.184952,4124009.63316
302636.057211,4124009.55456
302635.930758,4124009.47409
302635.798617,4124009.40336
302635.664419,4124009.32695
302635.536478,4124009.26502
302635.403389,4124009.19802
302635.272614,4124009.13503
302635.136559,4124009.06773
302635.003565,4124009.0048
302634.867306,4124008.94139
302634.730168,4124008.87838
302634.592365,4124008.81852
302634.459197,4124008.76077
302634.321755,4124008.70997
302634.189249,4124008.65517
302634.049349,4124008.60684
302633.909802,4124008.55461
302633.771878,4124008.50845
302633.635788,4124008.46483
302633.49344,4124008.42562
302633.352497,4124008.38323
302633.205571,4124008.34431
302633.066376,4124008.30706
302632.920285,4124008.2722
302632.77852,4124008.2326
302632.634694,4124008.19972
302632.49386,4124008.17453
302632.346081,4124008.13712
302632.200885,4124008.10889
302632.056016,4124008.07566
302631.902501,4124008.04596
302631.751878,4124008.01971
302631.603525,4124007.99563
302631.455211,4124007.9795
302631.301344,4124007.95999
302631.150361,4124007.93727
302630.999512,4124007.92028
302630.854981,4124007.90776
302630.713847,4124007.88869
302630.56539,4124007.87904
302630.418737,4124007.87065
302630.268749,4124007.85882
302630.122375,4124007.84968
302629.97998,4124007.84618
302629.832053,4124007.83393
302629.69251,4124007.83851
302629.551776,4124007.83016
302629.412729,4124007.82436
302629.268347,4124007.81814
302629.12546,4124007.81261
302628.980943,4124007.80065
302628.841291,4124007.79432
302628.699192,4124007.78452
302628.562545,4124007.77386
302628.42265,4124007.76345
302628.283473,4124007.75211
302628.1413,4124007.74546
302628.003157,4124007.73409
302627.862941,4124007.72258
302627.722798,4124007.71422
302627.579494,4124007.70353
302627.435976,4124007.69636
302627.296738,4124007.68242
302627.159722,4124007.67491
302627.020336,4124007.66098
302626.881276,4124007.64834
302626.742838,4124007.63698
302626.605692,4124007.62392
302626.463953,4124007.61689
302626.325137,4124007.60202
302626.18332,4124007.59166
302626.04449,4124007.58253
302625.907109,4124007.57207
302625.765683,4124007.55948
302625.62701,4124007.55071
302625.49366,4124007.53553
302625.360601,4124007.52645
302625.223155,4124007.5195
302625.090587,4124007.50615
302624.952771,4124007.49607
302624.820017,4124007.48735
302624.68534,4124007.47238
302624.549107,4124007.4667
302624.412426,4124007.45456
302624.281893,4124007.44597
302624.149861,4124007.4302
302624.018798,4124007.42422
302623.886478,4124007.41512
302623.754611,4124007.40008
302623.623439,4124007.39577
302623.491111,4124007.3863
302623.360748,4124007.37234
302623.230538,4124007.36485
302623.098958,4124007.34944
302622.96619,4124007.34646
302622.832827,4124007.33072
302622.700359,4124007.32163
302622.56353,4124007.31578
302622.432289,4124007.3085
302622.293538,4124007.30899
302622.162397,4124007.29967
302622.013696,4124007.29855
302621.879324,4124007.30282
302621.743326,4124007.29454
302621.609914,4124007.29564
302621.476582,4124007.29378
302621.343914,4124007.28247
302621.210003,4124007.28118
302621.074092,4124007.2766
302620.941046,4124007.26807
302620.80112,4124007.26267
302620.669814,4124007.2652
302620.534655,4124007.26116
302620.407771,4124007.25674
302620.273508,4124007.25935
302620.149059,4124007.25154
302620.015235,4124007.24766
302619.885842,4124007.24348
302619.749556,4124007.24188
302619.608622,4124007.2376
302619.479942,4124007.2386
302619.342109,4124007.23407
302619.209733,4124007.23514
302619.072203,4124007.23727
302618.945724,4124007.23117
302618.814366,4124007.23149
302618.679528,4124007.22855
302618.545382,4124007.22986
302618.405883,4124007.22999
302618.275633,4124007.22713
302618.142061,4124007.22768
302618.013255,4124007.22331
302617.882545,4124007.22602
302617.748234,4124007.23287
302617.613614,4124007.23289
302617.485956,4124007.23331
302617.360559,4124007.23551
302617.230492,4124007.23413
302617.106478,4124007.23853
302616.96831,4124007.23863
302616.844953,4124007.2395
302616.706123,4124007.24295
302616.585336,4124007.23987
302616.459118,4124007.24487
302616.327986,4124007.22964
302616.201702,4124007.23187
302616.070078,4124007.23348
302615.936858,4124007.23643
302615.810722,4124007.23236
302615.68193,4124007.23484
302615.554402,4124007.23451
302615.420017,4124007.23193
302615.3021,4124007.23766
302615.163875,4124007.24165
302615.036939,4124007.24131
302614.905646,4124007.2381
302614.767912,4124007.24412
302614.645038,4124007.23406
302614.497872,4124007.2353
302614.364961,4124007.2325
302614.234529,4124007.23446
302614.096491,4124007.23382
302613.967024,4124007.23279
302613.833708,4124007.23167
302613.699571,4124007.22705
302613.565856,4124007.23409
302613.430762,4124007.23282
302613.29739,4124007.23559
302613.158217,4124007.2433
302613.023236,4124007.23426
302612.886307,4124007.23674
302612.754044,4124007.23005
302612.612609,4124007.21709
302612.469379,4124007.21583
302612.336681,4124007.2221
302612.191507,4124007.22625
302612.058153,4124007.22976
302611.908051,4124007.21941
302611.774479,4124007.22625
302611.622713,4124007.22686
302611.489263,4124007.21372
302611.345032,4124007.21396
302611.205646,4124007.20632
302611.067686,4124007.2153
302610.920438,4124007.21303
302610.777034,4124007.21696
302610.646502,4124007.21466
302610.505811,4124007.20816
302610.382075,4124007.21181
302610.238045,4124007.20169
302610.103795,4124007.20485
302609.966792,4124007.1979
302609.824175,4124007.20384
302609.688259,4124007.19908
302609.534074,4124007.20382
302609.405512,4124007.19093
302609.286564,4124007.19058
302609.141655,4124007.19343
302609.010579,4124007.19318
302608.881478,4124007.18882
302608.733125,4124007.20248
302608.592652,4124007.21152
302608.465233,4124007.20323
302608.31621,4124007.19471
302608.203012,4124007.19349
302608.052893,4124007.20127
302607.930867,4124007.20211
302607.801213,4124007.19313
302607.655978,4124007.20098
302607.53753,4124007.19045
302607.399662,4124007.19702
302607.274139,4124007.20016
302607.134697,4124007.20899
302607.015175,4124007.21568
302606.873541,4124007.21309
302606.736364,4124007.21762
302606.609067,4124007.22079
302606.471764,4124007.23253
302606.337744,4124007.23291
302606.216239,4124007.24336
302606.079971,4124007.25507
302605.93912,4124007.2669
302605.81254,4124007.28801
302605.675385,4124007.29974
302605.560704,4124007.31095
302605.402932,4124007.33298
302605.295986,4124007.35233
302605.144898,4124007.38179
302605.01751,4124007.39996
302604.874797,4124007.43329
302604.750466,4124007.46194
302604.612054,4124007.49572
302604.4778,4124007.53644
302604.341049,4124007.57167
302604.203398,4124007.61266
302604.089052,4124007.66956
302603.946143,4124007.72603
302603.8254,4124007.80029
302603.68614,4124007.86722
302603.580326,4124007.93465
302603.457595,4124008.02506
302603.334347,4124008.11234
302603.203576,4124008.20053
302603.084424,4124008.27957
302602.968065,4124008.37667
302602.848678,4124008.4646
302602.727078,4124008.55905
302602.631387,4124008.65437
302602.511831,4124008.75396
302602.407356,4124008.85948
302602.311596,4124008.97072
302602.198958,4124009.07514
302602.101111,4124009.1731
302602.005759,4124009.29543
302601.904228,4124009.41921
302601.806598,4124009.55158
302601.721731,4124009.69199
302601.641687,4124009.811
302601.564112,4124009.94068
302601.482224,4124010.09452
302601.414795,4124010.22156
302601.333746,4124010.36706
302601.292291,4124010.49774
302601.229263,4124010.64836
302601.185847,4124010.80259
302601.141592,4124010.9463
302601.101433,4124011.10064
302601.070432,4124011.2481
302601.030617,4124011.40447
302601.004022,4124011.55682
302600.970016,4124011.72119
302600.949156,4124011.87841
302600.922387,4124012.03595
302600.908894,4124012.19817
302600.884155,4124012.354
302600.884226,4124012.52053
302600.877121,4124012.6839
302600.876695,4124012.84822
302600.871951,4124013.01135
302600.879814,4124013.17585
302600.880689,4124013.35143
302600.903568,4124013.51909
302600.917388,4124013.679
302600.945007,4124013.84063
302600.967477,4124013.9972
302600.986342,4124014.16403
302601.012116,4124014.28499
302601.032995,4124014.44308
302601.052025,4124014.61693
302601.07082,4124014.78709
302601.09396,4124014.94698
302601.120917,4124015.10566
302601.134725,4124015.28389
302601.16407,4124015.44344
302601.180217,4124015.62051
302601.208457,4124015.78342
302601.236307,4124015.94856
302601.262381,4124016.10116
302601.295066,4124016.26433
302601.327555,4124016.41918
302601.356039,4124016.57986
302601.385297,4124016.74201
302601.403171,4124016.92329
302601.431916,4124017.0762
302601.453511,4124017.24592
302601.478034,4124017.4017
302601.502474,4124017.56026
302601.51742,4124017.71774
302601.541321,4124017.88482
302601.560469,4124018.0448
302601.584034,4124018.20393
302601.6072,4124018.37121
302601.654288,4124018.69392
302601.673957,4124018.85092
302601.692579,4124019.01369
302601.732404,4124019.33582
302601.752835,4124019.49373
302601.767773,4124019.65085
302601.782076,4124019.81242
302601.794396,4124019.97145
302601.811539,4124020.12795
302601.825194,4124020.28713
302601.840563,4124020.44368
302601.859576,4124020.60422
302601.878171,4124020.75958
302601.892378,4124020.92337
302601.906886,4124021.08105
302601.926242,4124021.23732
302601.938654,4124021.38765
302601.961541,4124021.54939
302601.971417,4124021.69885
302601.990752,4124021.86049
302602.003672,4124022.01358
302602.022367,4124022.16691
302602.038993,4124022.32028
302602.052539,4124022.46225
302602.07223,4124022.62018
302602.089873,4124022.77279
302602.108446,4124022.92094
302602.124902,4124023.07339
302602.14458,4124023.22447
302602.168115,4124023.37602
302602.196234,4124023.54004
302602.216617,4124023.68963
302602.23843,4124023.83085
302602.265761,4124023.98027
302602.28834,4124024.13517
302602.31675,4124024.28642
302602.337432,4124024.44247
302602.364651,4124024.5808
302602.392465,4124024.73816
302602.419114,4124024.88371
302602.44568,4124025.03833
302602.468754,4124025.18915
302602.488545,4124025.34504
302602.518021,4124025.49127
302602.540891,4124025.64597
302602.564513,4124025.79493
302602.58977,4124025.94421
302602.615336,4124026.08776
302602.632335,4124026.23816
302602.654914,4124026.38677
302602.679536,4124026.54051
302602.703915,4124026.68389
302602.720197,4124026.83524
302602.740766,4124026.98649
302602.764193,4124027.13341
302602.779231,4124027.28849
302602.796756,4124027.4424
302602.815408,4124027.59387
302602.836064,4124027.73623
302602.852772,4124027.88683
302602.869937,4124028.03797
302602.890867,4124028.19198
302602.909175,4124028.34143
302602.92607,4124028.49369
302602.945744,4124028.64459
302602.966148,4124028.80139
302602.981682,4124028.95238
302603.000769,4124029.09719
302603.015246,4124029.25986
302603.030066,4124029.41199
302603.050775,4124029.55028
302603.064891,4124029.71018
302603.082377,4124029.86243
302603.104147,4124030.01439
302603.116819,4124030.16952
302603.144899,4124030.313
302603.163311,4124030.46689
302603.180485,4124030.6184
302603.197693,4124030.7651
302603.211813,4124030.91261
302603.227221,4124031.06453
302603.243903,4124031.20773
302603.261358,4124031.35239
302603.273918,4124031.49642
302603.292052,4124031.64476
302603.304285,4124031.78751
302603.318258,4124031.92873
302603.335187,4124032.06989
302603.349808,4124032.20721
302603.364794,4124032.34119
302603.383115,4124032.47861
302603.395939,4124032.62135
302603.4148,4124032.75024
302603.432247,4124032.88195
302603.437944,4124033.01726
302603.449955,4124033.15687
302603.463802,4124033.28644
302603.472125,4124033.42021
302603.482149,4124033.55708
302603.491265,4124033.68676
302603.499714,4124033.8259
302603.508025,4124033.95911
302603.514009,4124034.08776
302603.520807,4124034.21324
302603.526582,4124034.3393
302603.536993,4124034.46118
302603.547143,4124034.59712
302603.556515,4124034.71884
302603.564826,4124034.84577
302603.57435,4124034.98025
302603.586635,4124035.10634
302603.592393,4124035.23795
302603.601225,4124035.3619
302603.614189,4124035.49797
302603.623113,4124035.6258
302603.632937,4124035.75417
302603.644131,4124035.87788
302603.652715,4124036.01017
302603.663544,4124036.14351
302603.666897,4124036.28609
302603.677678,4124036.42998
302603.689859,4124036.55793
302603.695369,4124036.70416
302603.709154,4124036.84372
302603.715356,4124036.9942
302603.731416,4124037.12982
302603.741036,4124037.28095
302603.751616,4124037.41634
302603.761927,4124037.55913
302603.774304,4124037.70798
302603.783732,4124037.84468
302603.796326,4124037.99648
302603.813708,4124038.14429
302603.817814,4124038.2937
302603.830204,4124038.43681
302603.838253,4124038.59039
302603.855057,4124038.73247
302603.859576,4124038.88058
302603.870591,4124039.02187
302603.886912,4124039.17489
302603.896762,4124039.31695
302603.9077,4124039.4612
302603.916645,4124039.60255
302603.92386,4124039.74578
302603.931458,4124039.88641
302603.944834,4124040.04005
302603.956489,4124040.17707
302603.96817,4124040.32779
302603.980068,4124040.47517
302603.991006,4124040.61942
302603.998212,4124040.75599
302604.005087,4124040.90368
302604.014263,4124041.03595
302604.020078,4124041.18254
302604.029493,4124041.32498
302604.032607,4124041.4574
302604.040549,4124041.60006
302604.053769,4124041.74075
302604.057313,4124041.88518
302604.072308,4124042.02582
302604.081362,4124042.1592
302604.090386,4124042.29758
302604.096496,4124042.43159
302604.093405,4124042.56433
302604.095006,4124042.70789
302604.095798,4124042.83591
302604.096899,4124042.97707
302604.100321,4124043.11632
302604.102066,4124043.26597
302604.106437,4124043.41408
302604.10445,4124043.56235
302604.103837,4124043.70613
302604.104225,4124043.84213
302604.105308,4124043.97625
302604.111118,4124044.12895
302604.116263,4124044.26595
302604.113733,4124044.40996
302604.124035,4124044.54609
302604.122497,4124044.68824
302604.124006,4124044.8279
302604.128934,4124044.96823
302604.131026,4124045.1138
302604.132074,4124045.25274
302604.134162,4124045.39184
302604.133219,4124045.52786
302604.131598,4124045.67279
302604.133003,4124045.80801
302604.132412,4124045.94644
302604.130008,4124046.08952
302604.128943,4124046.23295
302604.132787,4124046.36498
302604.130753,4124046.5112
302604.131045,4124046.64942
302604.129941,4124046.79118
302604.132016,4124046.92973
302604.134343,4124047.07271
302604.133973,4124047.21427
302604.135013,4124047.35283
302604.134066,4124047.49496
302604.130157,4124047.63698
302604.125961,4124047.77937
302604.115234,4124047.9271
302604.118935,4124048.0656
302604.108908,4124048.20536
302604.111365,4124048.35388
302604.102029,4124048.49787
302604.104435,4124048.63789
302604.098382,4124048.7831
302604.095769,4124048.9299
302604.096691,4124049.06976
302604.092274,4124049.2153
302604.090909,4124049.35226
302604.085078,4124049.49432
302604.084674,4124049.63441
