302573.678502,4123909.61966
302573.693166,4123909.64559
302573.707021,4123909.66858
302573.718458,4123909.6894
302573.731026,4123909.70798
302573.741193,4123909.72514
302573.754487,4123909.74314
302573.762915,4123909.76182
302573.780436,4123909.78343
302573.791464,4123909.80574
302573.81049,4123909.83471
302573.829594,4123909.86072
302573.848254,4123909.89304
302573.867023,4123909.92368
302573.886301,4123909.95709
302573.906196,4123909.99159
302573.92547,4123910.02482
302573.943682,4123910.06325
302573.965874,4123910.10103
302573.992027,4123910.14371
302574.01691,4123910.18901
302574.044229,4123910.23722
302574.077966,4123910.29416
302574.111442,4123910.35258
302574.146219,4123910.41597
302574.179517,4123910.4794
302574.220134,4123910.55209
302574.261603,4123910.62327
302574.301103,4123910.69877
302574.34539,4123910.77655
302574.388038,4123910.85382
302574.433069,4123910.93177
302574.474029,4123911.00648
302574.51756,4123911.08355
302574.556085,4123911.15536
302574.596158,4123911.2301
302574.6321,4123911.29901
302574.668334,4123911.36773
302574.708681,4123911.43525
302574.745297,4123911.50766
302574.783592,4123911.57596
302574.822374,4123911.65239
302574.863321,4123911.72656
302574.902951,4123911.8013
302574.946208,4123911.8793
302574.98609,4123911.95848
302575.031212,4123912.04031
302575.074316,4123912.12442
302575.119865,4123912.21179
302575.165413,4123912.29917
302575.211875,4123912.38763
302575.261215,4123912.47899
302575.310669,4123912.56887
302575.364028,4123912.66753
302575.412437,4123912.76335
302575.466505,4123912.8607
302575.51825,4123912.95996
302575.570169,4123913.05403
302575.622706,4123913.15549
302575.671364,4123913.24927
302575.720765,4123913.34322
302575.771963,4123913.43805
302575.823186,4123913.53399
302575.874323,4123913.63252
302575.928151,4123913.73228
302575.981705,4123913.83298
302576.033472,4123913.93945
302576.08881,4123914.04677
302576.14483,4123914.15166
302576.199254,4123914.25789
302576.254935,4123914.36094
302576.304984,4123914.46357
302576.357382,4123914.5654
302576.411014,4123914.66313
302576.462125,4123914.76684
302576.516675,4123914.86585
302576.570642,4123914.97153
302576.622992,4123915.07133
302576.678499,4123915.17957
302576.728205,4123915.28646
302576.781838,4123915.39677
302576.835796,4123915.50209
302576.893425,4123915.61249
302576.94898,4123915.72276
302577.015789,4123915.82722
302577.08926,4123915.92559
302577.15109,4123916.0322
302577.211116,4123916.13755
302577.270736,4123916.24458
302577.325578,4123916.35598
302577.376432,4123916.46766
302577.440679,4123916.57643
302577.498535,4123916.69016
302577.560369,4123916.80324
302577.623608,4123916.91944
302577.680219,4123917.04319
302577.740014,4123917.16391
302577.801383,4123917.28866
302577.864074,4123917.41301
302577.924756,4123917.53371
302577.98806,4123917.65268
302578.047942,4123917.7708
302578.107363,4123917.8882
302578.167557,4123918.00076
302578.2287,4123918.1159
302578.287456,4123918.23016
302578.347211,4123918.34293
302578.407536,4123918.46104
302578.46904,4123918.57894
302578.528283,4123918.69505
302578.590121,4123918.80831
302578.646993,4123918.92429
302578.70791,4123919.04239
302578.767074,4123919.16146
302578.829356,4123919.28101
302578.894122,4123919.3992
302578.954212,4123919.5262
302579.023296,4123919.65188
302579.089583,4123919.77818
302579.155575,4123919.90449
302579.223045,4123920.03706
302579.29352,4123920.17159
302579.359098,4123920.2992
302579.421637,4123920.43595
302579.492582,4123920.56529
302579.561009,4123920.6945
302579.624761,4123920.81993
302579.688178,4123920.94371
302579.750508,4123921.06529
302579.813199,4123921.18335
302579.870745,4123921.30283
302579.928483,4123921.41786
302579.986986,4123921.53398
302580.040771,4123921.64448
302580.099117,4123921.75394
302580.151145,4123921.85893
302580.200964,4123921.96434
302580.254571,4123922.06725
302580.302798,4123922.16789
302580.354321,4123922.26401
302580.400991,4123922.36135
302580.45081,4123922.45417
302580.495354,4123922.54916
302580.544077,4123922.63942
302580.586738,4123922.72983
302580.632242,4123922.82164
302580.67633,4123922.9098
302580.717747,4123922.99135
302580.756541,4123923.07463
302580.792918,4123923.15574
302580.835249,4123923.23209
302580.869256,4123923.30679
302580.903741,4123923.38295
302580.943697,4123923.45269
302580.979739,4123923.52586
302581.013354,4123923.59649
302581.051136,4123923.66814
302581.087526,4123923.74352
302581.122868,4123923.81837
302581.161941,4123923.89461
302581.200057,4123923.9742
302581.236912,4123924.0505
302581.275485,4123924.13063
302581.313923,4123924.21133
302581.352975,4123924.28665
302581.389947,4123924.36164
302581.428103,4123924.43661
302581.467828,4123924.51543
302581.506728,4123924.59685
302581.545392,4123924.68088
302581.585752,4123924.76782
302581.629535,4123924.85561
302581.672918,4123924.94525
302581.715905,4123925.03695
302581.762162,4123925.1293
302581.803053,4123925.21993
302581.849262,4123925.31654
302581.895184,4123925.41353
302581.934657,4123925.51308
302581.983189,4123925.61408
302582.031573,4123925.71508
302582.080083,4123925.82145
302582.13078,4123925.92646
302582.183508,4123926.03606
302582.234762,4123926.14588
302582.287211,4123926.25622
302582.342183,4123926.37317
302582.392493,4123926.4806
302582.442221,4123926.58842
302582.494149,4123926.69544
302582.542502,4123926.79515
302582.588907,4123926.90008
302582.638647,4123927.00216
302582.685826,4123927.10227
302582.733166,4123927.20922
302582.78245,4123927.31075
302582.832021,4123927.4182
302582.881144,4123927.52548
302582.932676,4123927.63455
302582.982217,4123927.7407
302583.031835,4123927.85019
302583.083485,4123927.95796
302583.132982,4123928.06227
302583.183374,4123928.17321
302583.238655,4123928.28441
302583.291274,4123928.40197
302583.344324,4123928.52525
302583.401266,4123928.64419
302583.457973,4123928.77201
302583.518298,4123928.9027
302583.578398,4123929.03008
302583.640362,4123929.16129
302583.697191,4123929.288
302583.752985,4123929.40844
302583.808022,4123929.52816
302583.866634,4123929.64261
302583.920205,4123929.75663
302583.972685,4123929.86827
302584.024135,4123929.98012
302584.077198,4123930.08508
302584.127808,4123930.19269
302584.177718,4123930.29569
302584.224919,4123930.39672
302584.272511,4123930.49552
302584.315298,4123930.59129
302584.360168,4123930.68127
302584.400593,4123930.77099
302584.441323,4123930.86107
302584.479348,4123930.94307
302584.519969,4123931.02853
302584.559195,4123931.11124
302584.601173,4123931.19778
302584.643233,4123931.28782
302584.685842,4123931.3823
302584.732016,4123931.47743
302584.781126,4123931.58415
302584.828409,4123931.68241
302584.87508,4123931.78604
302584.926351,4123931.8903
302584.970068,4123931.9879
302585.015991,4123932.08489
302585.060778,4123932.17765
302585.107478,4123932.26999
302585.148426,4123932.36303
302585.197122,4123932.45847
302585.245032,4123932.55819
302585.298504,4123932.66796
302585.354671,4123932.77914
302585.409682,4123932.89775
302585.468685,4123933.01626
302585.526097,4123933.1363
302585.579938,4123933.2492
302585.635749,4123933.36409
302585.687725,4123933.47315
302585.739196,4123933.57963
302585.78991,4123933.68538
302585.843726,4123933.79718
302585.895205,4123933.90403
302585.95123,4123934.02169
302586.010211,4123934.13928
302586.066087,4123934.26952
302586.130605,4123934.39605
302586.191421,4123934.52877
302586.25529,4123934.6592
302586.318507,4123934.79335
302586.382464,4123934.92747
302586.445089,4123935.06163
302586.508415,4123935.19411
302586.566413,4123935.32024
302586.6291,4123935.4444
302586.68258,4123935.56083
302586.743931,4123935.68484
302586.795707,4123935.80426
302586.850114,4123935.92233
302586.906921,4123936.04182
302586.962158,4123936.16376
302587.020517,4123936.28636
302587.076959,4123936.4029
302587.136027,4123936.53048
302587.19133,4123936.65519
302587.237939,4123936.7814
302587.294402,4123936.90516
302587.350935,4123937.02558
302587.401559,4123937.14633
302587.460444,4123937.26614
302587.515703,4123937.389
302587.572467,4123937.51923
302587.625434,4123937.65158
302587.683206,4123937.78696
302587.747615,4123937.92145
302587.81014,4123938.06394
302587.872879,4123938.2092
302587.936726,4123938.35128
302587.997408,4123938.49085
302588.052637,4123938.63129
302588.115371,4123938.76378
302588.1746,4123938.89821
302588.236782,4123939.03237
302588.291602,4123939.16172
302588.346395,4123939.29625
302588.399201,4123939.42805
302588.453986,4123939.56221
302588.515694,4123939.70138
302588.572984,4123939.83511
302588.630961,4123939.97919
302588.692382,4123940.12503
302588.756569,4123940.26896
302588.818877,4123940.41478
302588.880776,4123940.5621
302588.942901,4123940.70015
302588.999804,4123940.84259
302589.059364,4123940.98477
302589.122241,4123941.12337
302589.185319,4123941.27047
302589.243479,4123941.41602
302589.305726,4123941.56554
302589.36843,4123941.71561
302589.427724,4123941.87169
302589.487001,4123942.03331
302589.545683,4123942.20105
302589.60736,4123942.3641
302589.6753,4123942.52922
302589.732781,4123942.68996
302589.794737,4123942.85226
302589.851227,4123943.00858
302589.907851,4123943.16434
302589.964719,4123943.31788
302590.023857,4123943.4673
302590.080564,4123943.61399
302590.134096,4123943.7578
302590.188603,4123943.899
302590.239996,4123944.0399
302590.293189,4123944.17557
302590.342129,4123944.31283
302590.392905,4123944.44634
302590.441362,4123944.57565
302590.481014,4123944.70165
302590.529789,4123944.83188
302590.575215,4123944.95183
302590.621764,4123945.07545
302590.662694,4123945.19291
302590.708364,4123945.31063
302590.750285,4123945.42621
302590.791306,4123945.54127
302590.831441,4123945.65005
302590.871757,4123945.76031
302590.911243,4123945.87299
302590.950203,4123945.98217
302590.991742,4123946.08778
302591.027976,4123946.19424
302591.066231,4123946.29234
302591.103878,4123946.396
302591.140376,4123946.48858
302591.176357,4123946.58433
302591.209347,4123946.67866
302591.245836,4123946.77087
302591.279717,4123946.86537
302591.314902,4123946.95873
302591.353571,4123947.06181
302591.391048,4123947.16455
302591.432756,4123947.26478
302591.482775,4123947.37241
302591.523605,4123947.47932
302591.575745,4123947.58283
302591.617645,4123947.68491
302591.659101,4123947.787
302591.701897,4123947.88942
302591.740113,4123947.99215
302591.788044,4123948.09908
302591.829935,4123948.20708
302591.876083,4123948.31369
302591.920292,4123948.42589
302591.966797,4123948.54137
302592.015233,4123948.66346
302592.066556,4123948.78253
302592.112156,4123948.90358
302592.156761,4123949.02632
302592.20347,4123949.1442
302592.246996,4123949.26512
302592.295515,4123949.37814
302592.335423,4123949.49618
302592.38251,4123949.61128
302592.424671,4123949.73074
302592.472628,4123949.85137
302592.512301,4123949.97201
302592.553366,4123950.08891
302592.5909,4123950.21293
302592.636087,4123950.32899
302592.685044,4123950.4544
302592.726209,4123950.58185
302592.779863,4123950.70567
302592.825746,4123950.83875
302592.877561,4123950.97242
302592.924923,4123951.10546
302592.973685,4123951.24771
302593.030992,4123951.38847
302593.082458,4123951.53252
302593.133438,4123951.67472
302593.189153,4123951.817
302593.232862,4123951.96455
302593.286442,4123952.1104
302593.329751,4123952.25981
302593.388932,4123952.41108
302593.441226,4123952.56509
302593.498541,4123952.72509
302593.554957,4123952.88456
302593.614195,4123953.05081
302593.665309,4123953.21762
302593.718394,4123953.38013
302593.775466,4123953.54236
302593.830238,4123953.70113
302593.884288,4123953.85437
302593.933376,4123954.01049
302593.987539,4123954.15595
302594.038336,4123954.30926
302594.089881,4123954.45663
302594.135573,4123954.60044
302594.188596,4123954.74778
302594.224643,4123954.89034
302594.271948,4123955.03355
302594.31076,4123955.17419
302594.3579,4123955.31038
302594.404039,4123955.44807
302594.441286,4123955.57876
302594.489935,4123955.70991
302594.532378,4123955.84769
302594.574482,4123955.97734
302594.613212,4123956.10817
302594.655011,4123956.23745
302594.69031,4123956.36707
302594.729231,4123956.49976
302594.768177,4123956.62725
302594.809007,4123956.75304
302594.847846,4123956.8885
302594.887793,4123957.02079
302594.918886,4123957.15402
302594.956307,4123957.29211
302594.989083,4123957.42771
302595.025721,4123957.56396
302595.060336,4123957.696
302595.096435,4123957.82819
302595.128298,4123957.9627
302595.167258,4123958.09076
302595.194629,4123958.22926
302595.231667,4123958.36365
302595.264291,4123958.50536
302595.301194,4123958.6466
302595.33908,4123958.79189
302595.375035,4123958.94314
302595.416369,4123959.09039
302595.456421,4123959.23969
302595.498708,4123959.3834
302595.534328,4123959.5267
302595.581694,4123959.66622
302595.619754,4123959.81261
302595.659562,4123959.95785
302595.702205,4123960.11043
302595.745775,4123960.27094
302595.788248,4123960.42889
302595.83247,4123960.59827
302595.881693,4123960.76642
302595.927089,4123960.92911
302595.97289,4123961.09012
302596.017338,4123961.25024
302596.062603,4123961.40738
302596.107064,4123961.56177
302596.149312,4123961.71639
302596.195395,4123961.86426
302596.235551,4123962.01172
302596.278007,4123962.15634
302596.322668,4123962.30036
302596.36035,4123962.44325
302596.400545,4123962.57978
302596.44117,4123962.72205
302596.479939,4123962.85454
302596.519155,4123962.98722
302596.55955,4123963.12597
302596.59454,4123963.24875
302596.632813,4123963.37904
302596.66468,4123963.50745
302596.700548,4123963.62984
302596.734224,4123963.7471
302596.766783,4123963.87345
302596.800542,4123963.98794
302596.836397,4123964.10977
302596.875087,4123964.23265
302596.910033,4123964.35988
302596.949167,4123964.48904
302596.974664,4123964.62333
302597.013315,4123964.75083
302597.047457,4123964.88788
302597.086595,4123965.02352
302597.12105,4123965.15501
302597.161997,4123965.29208
302597.194869,4123965.42546
302597.234403,4123965.55276
302597.268079,4123965.6889
302597.305717,4123965.81735
302597.34152,4123965.94955
302597.380301,4123966.09519
302597.414417,4123966.23113
302597.454747,4123966.37969
302597.492524,4123966.53294
302597.527057,4123966.68663
302597.57027,4123966.84456
302597.607499,4123967.00596
302597.64549,4123967.17456
302597.689542,4123967.33673
302597.721427,4123967.49733
302597.763296,4123967.65473
302597.795798,4123967.81014
302597.827179,4123967.96816
302597.860055,4123968.11431
302597.891605,4123968.26696
302597.920958,4123968.4143
302597.954535,4123968.55876
302597.987015,4123968.70066
302598.015943,4123968.84875
302598.043753,4123968.99335
302598.077342,4123969.14466
302598.104326,4123969.29816
302598.136702,4123969.4545
302598.167035,4123969.61199
302598.190783,4123969.7726
302598.220872,4123969.92602
302598.243033,4123970.08204
302598.273409,4123970.2288
302598.292352,4123970.38009
302598.318423,4123970.51992
302598.337862,4123970.66712
302598.358992,4123970.80447
302598.378118,4123970.94465
302598.395704,4123971.08227
302598.416261,4123971.21409
302598.43403,4123971.3469
302598.448068,4123971.47832
302598.461014,4123971.60735
302598.472912,4123971.73586
302598.487807,4123971.85967
302598.498527,4123971.98838
302598.514543,4123972.10958
302598.522041,4123972.23967
302598.536435,4123972.36737
302598.54989,4123972.49288
302598.561328,4123972.62695
302598.576422,4123972.75926
302598.593787,4123972.90004
302598.600863,4123973.04364
302598.618436,4123973.18071
302598.633935,4123973.32394
302598.649756,4123973.46197
302598.660802,4123973.59827
302598.68118,4123973.73509
302598.697966,4123973.87014
302598.715627,4123974.0172
302598.72996,4123974.16748
302598.747234,4123974.31695
302598.766316,4123974.46786
302598.783215,4123974.62031
302598.800271,4123974.77311
302598.816418,4123974.91873
302598.831787,4123975.06269
302598.843485,4123975.20786
302598.864533,4123975.35428
302598.880871,4123975.50174
302598.893326,4123975.65392
302598.909952,4123975.801
302598.922224,4123975.96429
302598.944103,4123976.12087
302598.956467,4123976.28174
302598.977236,4123976.44149
302598.992992,4123976.60192
302599.011004,4123976.75767
302599.028526,4123976.92397
302599.049556,4123977.08853
302599.07157,4123977.25714
302599.091913,4123977.43022
302599.107512,4123977.60286
302599.132435,4123977.78195
302599.152979,4123977.95725
302599.174662,4123978.13067
302599.191913,4123978.31068
302599.217423,4123978.47698
302599.231913,4123978.6465
302599.253157,4123978.81383
302599.2721,4123978.9777
302599.29036,4123979.1377
302599.308451,4123979.30306
302599.32225,4123979.45576
302599.328017,4123979.6192
302599.337489,4123979.77034
302599.349239,4123979.92401
302599.37174,4123980.07558
302599.383743,4123980.22111
302599.400872,4123980.37077
302599.410218,4123980.51654
302599.421973,4123980.65782
302599.439642,4123980.79896
302599.451714,4123980.94115
302599.464256,4123981.07815
302599.479416,4123981.21324
302599.49218,4123981.34709
302599.505583,4123981.48296
302599.51906,4123981.6094
302599.52764,4123981.7352
302599.545087,4123981.86691
302599.554681,4123981.99177
302599.567992,4123982.11117
302599.575337,4123982.23479
302599.587914,4123982.3544
302599.59395,4123982.47268
302599.609162,4123982.59112
302599.616155,4123982.70604
302599.627075,4123982.8181
