302484.991807,4123756.26094
302485.042258,4123756.34284
302485.091326,4123756.42254
302485.144348,4123756.51308
302485.20227,4123756.60442
302485.26111,4123756.70332
302485.326434,4123756.80115
302485.39078,4123756.9077
302485.457543,4123757.01641
302485.528377,4123757.12835
302485.597263,4123757.23923
302485.665357,4123757.36049
302485.734152,4123757.46749
302485.797641,4123757.56906
302485.864174,4123757.68056
302485.931681,4123757.78943
302486.004089,4123757.90541
302486.075993,4123758.0314
302486.160118,4123758.16745
302486.253935,4123758.31938
302486.352967,4123758.47914
302486.469512,4123758.66643
302486.586257,4123758.86223
302486.710225,4123759.06951
302486.842091,4123759.28549
302486.974296,4123759.50961
302487.109637,4123759.72236
302487.242368,4123759.94369
302487.368198,4123760.15463
302487.496424,4123760.36681
302487.620701,4123760.56835
302487.742503,4123760.77791
302487.864436,4123760.98043
302487.986413,4123761.1848
302488.10505,4123761.38555
302488.224373,4123761.58406
302488.338792,4123761.77528
302488.454862,4123761.96758
302488.566489,4123762.15332
302488.674097,4123762.33805
302488.785797,4123762.52693
302488.88936,4123762.70324
302488.998517,4123762.8846
302489.102493,4123763.06589
302489.209614,4123763.24249
302489.319231,4123763.42457
302489.429022,4123763.61406
302489.546341,4123763.8091
302489.663895,4123764.00784
302489.785802,4123764.21554
302489.910148,4123764.42633
302490.033878,4123764.63603
302490.161312,4123764.8523
302490.291956,4123765.07293
302490.422486,4123765.29505
302490.552365,4123765.52088
302490.68644,4123765.74903
302490.820771,4123765.98179
302490.954846,4123766.20993
302491.088921,4123766.43807
302491.222331,4123766.66937
302491.354523,4123766.89922
302491.485145,4123767.11893
302491.613545,4123767.3448
302491.738591,4123767.56649
302491.867278,4123767.7794
302491.989211,4123768.00079
302492.112897,4123768.20864
302492.231694,4123768.42252
302492.349583,4123768.62292
302492.467697,4123768.82664
302492.582838,4123769.02969
302492.695734,4123769.22539
302492.808212,4123769.42851
302492.927636,4123769.63127
302493.045651,4123769.84332
302493.167184,4123770.06029
302493.298858,4123770.28071
302493.41936,4123770.50418
302493.55103,4123770.73071
302493.679095,4123770.96121
302493.814501,4123771.19561
302493.9416,4123771.42281
302494.072966,4123771.65527
302494.203105,4123771.88591
302494.336527,4123772.11776
302494.465884,4123772.35915
302494.605169,4123772.60123
302494.739422,4123772.84325
302494.875793,4123773.08725
302495.012025,4123773.33162
302495.145509,4123773.56607
302495.282349,4123773.81117
302495.413254,4123774.04919
302495.545537,4123774.28292
302495.67532,4123774.51727
302495.803841,4123774.74832
302495.937381,4123774.98517
302496.072578,4123775.22956
302496.212019,4123775.4783
302496.355901,4123775.7397
302496.507997,4123776.01701
302496.66516,4123776.29586
302496.819192,4123776.57997
302496.973759,4123776.86166
302497.128565,4123777.14723
302497.281966,4123777.4234
302497.434353,4123777.70051
302497.586789,4123777.97966
302497.734637,4123778.25244
302497.885472,4123778.52015
302498.031724,4123778.79427
302498.181811,4123779.06792
302498.331637,4123779.34306
302498.481364,4123779.62024
302498.632086,4123779.89573
302498.778442,4123780.16799
302498.926929,4123780.44279
302499.071976,4123780.70971
302499.218505,4123780.97679
302499.351424,4123781.2501
302499.473714,4123781.52441
302499.58648,4123781.80264
302499.696316,4123782.07576
302499.826303,4123782.34397
302499.944896,4123782.61207
302500.061842,4123782.88558
302500.144067,4123783.1736
302500.1991,4123783.47539
302500.246853,4123783.78217
302500.288888,4123784.08482
302500.335106,4123784.38923
302500.390878,4123784.6973
302500.464593,4123785.00087
302500.525071,4123785.31401
302500.596707,4123785.62985
302500.654602,4123785.94638
302500.670366,4123786.28315
302500.689736,4123786.60965
302500.741181,4123786.94132
302500.776502,4123787.27929
302500.822224,4123787.60665
302500.857275,4123787.93945
302500.847508,4123788.27256
302500.798933,4123788.59733
302500.790992,4123788.92004
302500.787104,4123789.24524
302500.764586,4123789.56458
302500.703709,4123789.88206
302500.606884,4123790.18076
302500.478044,4123790.4706
302500.384854,4123790.77921
302500.296467,4123791.09697
302500.224639,4123791.41433
302500.122035,4123791.73778
302499.979453,4123792.04719
302499.794614,4123792.3463
302499.613481,4123792.64569
302499.456809,4123792.95987
302499.306382,4123793.28167
302499.147158,4123793.60053
302498.949334,4123793.90106
302498.756342,4123794.19944
302498.585406,4123794.52358
302498.404586,4123794.82999
302498.22037,4123795.13668
302497.991974,4123795.42053
302497.728071,4123795.67284
302497.437496,4123795.87933
302497.159768,4123796.09736
302496.867093,4123796.29002
302496.576197,4123796.508
302496.305435,4123796.73918
302496.031977,4123796.96896
302495.756672,4123797.19563
302495.479639,4123797.43067
302495.188652,4123797.65105
302494.868941,4123797.83269
302494.530764,4123797.98405
302494.209487,4123798.14944
302493.888319,4123798.33834
302493.572783,4123798.52136
302493.261569,4123798.71205
302492.951621,4123798.89365
302492.623234,4123799.06495
302492.279486,4123799.18073
302491.958304,4123799.33132
302491.635192,4123799.49417
302491.308253,4123799.64526
302490.990712,4123799.80594
302490.665477,4123799.96033
302490.343248,4123800.11668
302490.017479,4123800.27349
302489.697345,4123800.42461
302489.379138,4123800.57587
302489.060857,4123800.73028
302488.743477,4123800.87893
302488.421613,4123801.03194
302488.098422,4123801.18517
302487.764882,4123801.34493
302487.438278,4123801.49768
302487.106094,4123801.65223
302486.772271,4123801.81256
302486.429603,4123801.9742
302486.085774,4123802.1368
302485.747967,4123802.2913
302485.392035,4123802.44252
302485.033073,4123802.60325
302484.677224,4123802.77686
302484.33276,4123802.98166
302483.97208,4123803.16371
302483.63043,4123803.37492
302483.272007,4123803.55229
302482.906986,4123803.71335
302482.555334,4123803.90185
302482.224822,4123804.11483
302481.928404,4123804.37475
302481.647603,4123804.63819
302481.339391,4123804.8747
302481.034453,4123805.09948
302480.735573,4123805.32393
302480.435685,4123805.54952
302480.140954,4123805.76795
302479.845149,4123805.98474
302479.555771,4123806.19805
302479.263605,4123806.41235
302478.97959,4123806.62091
302478.69516,4123806.83077
302478.414163,4123807.03556
302478.141392,4123807.23793
302477.862012,4123807.43602
302477.595078,4123807.63492
302477.326034,4123807.83221
302477.058965,4123808.02538
302476.796962,4123808.21381
302476.5411,4123808.40542
302476.282511,4123808.58803
302476.032801,4123808.7708
302475.7795,4123808.95181
302475.534966,4123809.12816
302475.287157,4123809.30367
302475.047028,4123809.47863
302474.80526,4123809.65307
302474.567801,4123809.82205
302474.330494,4123809.99121
302474.098549,4123810.15561
302473.873484,4123810.31689
302473.642691,4123810.47997
302473.416117,4123810.64
302473.200345,4123810.79384
302472.97571,4123810.94827
302472.754911,4123811.10853
302472.537173,4123811.26057
302472.315822,4123811.4225
302472.083529,4123811.58469
302471.864726,4123811.73547
302471.649502,4123811.88745
302471.437548,4123812.0401
302471.219641,4123812.19122
302471.014271,4123812.33446
302470.81071,4123812.48543
302470.613572,4123812.63902
302470.400648,4123812.78188
302470.193926,4123812.93681
302469.981746,4123813.08613
302469.774736,4123813.24144
302469.588384,4123813.42587
302469.414256,4123813.62684
302469.210235,4123813.79596
302469.009723,4123813.96961
302468.819453,4123814.17615
302468.655071,4123814.39522
302468.513528,4123814.64187
302468.388946,4123814.89256
302468.24119,4123815.11401
302468.088954,4123815.32743
302467.944597,4123815.5488
302467.839111,4123815.78739
302467.758111,4123816.02299
302467.693872,4123816.26043
302467.632416,4123816.51556
302467.538731,4123816.75905
302467.442059,4123817.00132
302467.332581,4123817.25887
302467.226629,4123817.50913
302467.119259,4123817.74943
302467.007288,4123818.00797
302466.899345,4123818.2616
302466.804013,4123818.52937
302466.729511,4123818.81479
302466.612818,4123819.0801
302466.511981,4123819.3591
302466.405294,4123819.63473
302466.350788,4123819.92115
302466.316178,4123820.22321
302466.267817,4123820.513
302466.198473,4123820.79755
302466.133564,4123821.07571
302466.103685,4123821.35878
302466.088992,4123821.63964
302466.115898,4123821.91545
302466.174197,4123822.19256
302466.231388,4123822.46655
302466.274653,4123822.73975
302466.303677,4123823.01126
302466.319981,4123823.28288
302466.34096,4123823.56456
302466.357121,4123823.84896
302466.378017,4123824.15229
302466.395379,4123824.46885
302466.429778,4123824.78649
302466.507857,4123825.12456
302466.608531,4123825.46729
302466.676682,4123825.82984
302466.735522,4123826.19908
302466.802803,4123826.56868
302466.863796,4123826.9288
302466.925767,4123827.29279
302467.024489,4123827.64056
302467.144254,4123827.97728
302467.217163,4123828.32825
302467.304312,4123828.66833
302467.390714,4123829.00177
302467.504239,4123829.32476
302467.667334,4123829.62938
302467.863022,4123829.91084
302468.026399,4123830.19602
302468.17884,4123830.48164
302468.315642,4123830.77541
302468.45511,4123831.063
302468.590651,4123831.34088
302468.721187,4123831.61981
302468.853797,4123831.90516
302468.988795,4123832.17879
302469.122431,4123832.46375
302469.254676,4123832.74615
302469.38496,4123833.02064
302469.513995,4123833.29867
302469.639677,4123833.57253
302469.768213,4123833.84188
302469.890886,4123834.10729
302470.013441,4123834.36772
302470.134296,4123834.63133
302470.258452,4123834.8906
302470.378446,4123835.14905
302470.495396,4123835.41016
302470.619795,4123835.6735
302470.769752,4123835.92273
302470.938908,4123836.158
302471.072469,4123836.40836
302471.205027,4123836.65374
302471.33931,4123836.89076
302471.46477,4123837.13002
302471.59557,4123837.3636
302471.716003,4123837.5904
302471.838945,4123837.82324
302471.969209,4123838.04037
302472.124331,4123838.23878
302472.252613,4123838.44078
302472.373715,4123838.65202
302472.498261,4123838.85244
302472.617941,4123839.05354
302472.737929,4123839.24889
302472.856413,4123839.44316
302472.969365,4123839.63498
302473.090597,4123839.83289
302473.207094,4123840.03073
302473.33518,4123840.23699
302473.460687,4123840.45312
302473.596688,4123840.6814
302473.731075,4123840.90398
302473.864611,4123841.13435
302474.008013,4123841.36912
302474.143684,4123841.60851
302474.284655,4123841.84685
302474.428202,4123842.08772
302474.565868,4123842.33021
302474.708958,4123842.57054
302474.852082,4123842.81234
302474.995728,4123843.05746
302475.135991,4123843.29712
302475.279072,4123843.54336
302475.417569,4123843.77714
302475.554992,4123844.00927
302475.686005,4123844.23933
302475.815556,4123844.46388
302475.951148,4123844.69365
302476.07803,4123844.91789
302476.200697,4123845.13279
302476.326226,4123845.34355
302476.45319,4123845.55872
302476.579632,4123845.78316
302476.705366,4123846.00261
302476.83677,4123846.23044
302476.96476,4123846.4578
302477.096717,4123846.69025
302477.228652,4123846.92177
302477.364031,4123847.15506
302477.492299,4123847.38167
302477.627543,4123847.61552
302477.755477,4123847.84048
302477.876653,4123848.04227
302478.003799,4123848.26521
302478.125301,4123848.48088
302478.24753,4123848.70227
302478.373654,4123848.9132
302478.484754,4123849.11431
302478.603277,4123849.32913
302478.722069,4123849.53653
302478.836635,4123849.75921
302478.95678,4123849.96751
302479.079313,4123850.18926
302479.200593,4123850.40179
302479.320916,4123850.62396
302479.443227,4123850.84886
302479.57,4123851.07477
302479.709453,4123851.30519
302479.877699,4123851.50181
302480.048345,4123851.69986
302480.234307,4123851.88237
302480.399661,4123852.07554
302480.552073,4123852.27827
302480.701541,4123852.46904
302480.864685,4123852.64376
302481.044124,4123852.80681
302481.235642,4123852.94885
302481.43862,4123853.0749
302481.619633,4123853.2294
302481.794131,4123853.37739
302481.961354,4123853.54314
302482.140549,4123853.70212
302482.311386,4123853.86426
302482.502761,4123854.00649
302482.716493,4123854.1432
302482.94741,4123854.24324
302483.200014,4123854.32186
302483.459406,4123854.38089
302483.715624,4123854.43703
302483.973424,4123854.49129
302484.217539,4123854.52976
302484.455665,4123854.57153
302484.708386,4123854.57965
302484.954513,4123854.58422
302485.204324,4123854.57556
302485.46067,4123854.54289
302485.7213,4123854.51621
302485.991766,4123854.46748
302486.261472,4123854.43041
302486.534131,4123854.41826
302486.821379,4123854.41002
302487.109985,4123854.40286
302487.405187,4123854.39314
302487.708438,4123854.35455
302488.007962,4123854.28329
302488.306199,4123854.17617
302488.61165,4123854.08646
302488.916536,4123854.01674
302489.225792,4123853.95673
302489.520968,4123853.89557
302489.816,4123853.83459
302490.091966,4123853.7304
302490.353534,4123853.59898
302490.600511,4123853.43218
302490.839013,4123853.27614
302491.079868,4123853.13835
302491.330412,4123853.00996
302491.573776,4123852.8971
302491.82055,4123852.77195
302492.059118,4123852.66271
302492.289497,4123852.54498
302492.508264,4123852.39272
302492.711081,4123852.22271
302492.936532,4123852.0716
302493.152739,4123851.93625
302493.382652,4123851.79872
302493.639227,4123851.64373
302493.866867,4123851.51014
302494.110744,4123851.35619
302494.359335,4123851.20768
302494.607982,4123851.05528
302494.878186,4123850.90108
302495.139884,4123850.75004
302495.40664,4123850.58759
302495.668981,4123850.43246
302495.930636,4123850.27328
302496.200905,4123850.11556
302496.470565,4123849.96341
302496.735073,4123849.79972
302497.001315,4123849.64691
302497.255581,4123849.49437
302497.512057,4123849.34771
302497.772898,4123849.20428
302498.032631,4123849.0766
302498.272238,4123848.92978
302498.519929,4123848.7996
302498.764215,4123848.65674
302499.018203,4123848.51125
302499.249522,4123848.38313
302499.4958,4123848.24947
302499.745478,4123848.10945
302500.012195,4123847.9705
302500.291166,4123847.81165
302500.564293,4123847.66848
302500.857136,4123847.49562
302501.159355,4123847.33141
302501.457739,4123847.17395
302501.769203,4123847.00028
302502.074719,4123846.82526
302502.388301,4123846.65986
302502.70121,4123846.49096
302503.014727,4123846.3165
302503.325661,4123846.14543
302503.646118,4123845.98301
302503.949816,4123845.80619
302504.266882,4123845.65051
302504.565083,4123845.479
302504.865881,4123845.32352
302505.163869,4123845.16182
302505.456425,4123845.0145
302505.751835,4123844.85008
302506.044748,4123844.69275
302506.333695,4123844.54292
302506.61932,4123844.39021
302506.896787,4123844.24287
302507.174176,4123844.09849
302507.450799,4123843.95931
302507.720151,4123843.80661
302507.991343,4123843.66922
302508.266144,4123843.52805
302508.538293,4123843.38731
302508.814438,4123843.24666
302509.082677,4123843.10324
302509.357583,4123842.96021
302509.627031,4123842.82416
302509.903372,4123842.68555
302510.168045,4123842.54776
302510.435536,4123842.41656
302510.691207,4123842.27973
302510.946257,4123842.15419
302511.198815,4123842.02335
302511.451408,4123841.89399
302511.707084,4123841.76363
302511.961355,4123841.63645
302512.214583,4123841.50892
302512.479156,4123841.37317
302512.747643,4123841.24658
302513.025693,4123841.09886
302513.317145,4123840.95489
302513.609107,4123840.80739
302513.90513,4123840.66276
302514.202131,4123840.5157
302514.497924,4123840.36756
302514.791586,4123840.22317
302515.0884,4123840.06815
302515.380305,4123839.92455
302515.670931,4123839.78319
302515.961897,4123839.64367
302516.248079,4123839.50205
302516.528295,4123839.37092
302516.803114,4123839.23049
302517.082068,4123839.09607
302517.359944,4123838.95982
302517.632502,4123838.83017
302517.910504,4123838.693
302518.198304,4123838.56355
302518.469957,4123838.4206
302518.761093,4123838.282
302519.04634,4123838.15095
302519.3328,4123838.01487
302519.617395,4123837.87495
302519.898759,4123837.74861
302520.189116,4123837.60837
302520.464114,4123837.48181
302520.745656,4123837.35047
302521.023471,4123837.21792
302521.308519,4123837.08465
302521.598993,4123836.9494
302521.866489,4123836.79323
302522.135632,4123836.62536
302522.415322,4123836.48445
302522.704427,4123836.33498
302522.971927,4123836.19158
302523.247568,4123836.04206
302523.502322,4123835.87879
302523.738145,4123835.68432
302523.991664,4123835.51885
302524.258964,4123835.36065
302524.52379,4123835.18529
302524.798209,4123835.02156
302525.064852,4123834.86059
302525.335713,4123834.69028
302525.61472,4123834.52033
302525.895284,4123834.34738
302526.180961,4123834.17172
302526.468048,4123833.99936
302526.767111,4123833.81413
302527.065452,4123833.63596
302527.382748,4123833.43975
302527.692013,4123833.25429
302528.018055,4123833.05881
302528.332026,4123832.87212
302528.652506,4123832.67917
302528.969764,4123832.4876
302529.292853,4123832.29237
302529.613711,4123832.10293
302529.932291,4123831.91725
302530.259355,4123831.7149
302530.568973,4123831.53812
302530.886953,4123831.34579
302531.203697,4123831.16385
302531.513867,4123830.9791
302531.822928,4123830.79752
302532.12827,4123830.6214
302532.445006,4123830.4328
302532.751115,4123830.25777
302533.059736,4123830.07639
302533.366888,4123829.90171
302533.66696,4123829.72164
302533.96661,4123829.5488
302534.267782,4123829.37148
302534.565085,4123829.20573
302535.143651,4123828.87163
302535.432951,4123828.69903
302535.723756,4123828.54009
302536.020406,4123828.35918
302536.315777,4123828.19939
302536.618111,4123828.02112
302536.931599,4123827.83907
302537.254232,4123827.65588
302537.581262,4123827.47093
302537.916632,4123827.28207
302538.250085,4123827.09345
302538.58379,4123826.89667
302538.914877,4123826.7144
302539.243447,4123826.5257
302539.583701,4123826.34321
302539.92052,4123826.15931
302540.256247,4123825.96675
302540.595436,4123825.7704
302540.952567,4123825.57586
302541.311786,4123825.382
302541.663617,4123825.17592
302542.011777,4123824.98362
302542.368944,4123824.78426
302542.717608,4123824.59454
302543.070596,4123824.3999
302543.413933,4123824.21012
302543.750291,4123824.0255
302544.083862,4123823.84187
302544.410118,4123823.66174
302544.736748,4123823.48493
302545.065953,4123823.30436
302545.38085,4123823.1319
302545.69045,4123822.96068
302546.003782,4123822.79085
302546.314192,4123822.62256
302546.614747,4123822.46302
302546.91756,4123822.2988
302547.210548,4123822.13833
302547.506029,4123821.98317
302547.796369,4123821.82331
302548.084031,4123821.66907
302548.367552,4123821.51493
302548.642551,4123821.3695
302548.922341,4123821.22025
302549.193052,4123821.07492
302549.465949,4123820.92825
302549.728276,4123820.78496
302549.994929,4123820.64324
302550.233276,4123820.51829
302550.482408,4123820.37384
302550.748175,4123820.24472
302551.000447,4123820.10797
302551.266643,4123819.97199
302551.52456,4123819.83622
302551.797497,4123819.69121
302552.083554,4123819.53793
302552.380278,4123819.38532
302552.670754,4123819.22491
302552.977602,4123819.06874
302553.27848,4123818.9103
302553.583988,4123818.75379
302553.878073,4123818.60218
302554.170045,4123818.44247
302554.459355,4123818.28911
302554.753848,4123818.13601
302555.046494,4123817.98609
302555.330072,4123817.83435
302555.61813,4123817.68436
302555.894272,4123817.53724
302556.169249,4123817.39717
302556.447378,4123817.24649
302556.721594,4123817.10552
302557.000306,4123816.95445
302557.283533,4123816.8066
302557.569629,4123816.66128
302557.868246,4123816.50734
302558.171458,4123816.34755
302558.47879,4123816.18674
302558.782642,4123816.02897
302559.081297,4123815.8704
302559.385415,4123815.71134
302559.982456,4123815.4016
302560.28413,4123815.24555
302560.922271,4123814.95355
302561.240574,4123814.78748
302561.579112,4123814.65777
302561.918824,4123814.52765
302562.239906,4123814.3791
302562.565446,4123814.25025
302562.876739,4123814.11321
302563.180483,4123813.98228
302563.490401,4123813.84972
302563.798072,4123813.74737
302564.105604,4123813.65799
302564.412079,4123813.58028
302564.704343,4123813.477
302564.997346,4123813.39887
302565.297094,4123813.35592
302565.599955,4123813.33214
302565.89208,4123813.3299
302566.173307,4123813.31089
302566.446589,4123813.30631
302566.72138,4123813.30928
302566.996323,4123813.31244
302567.265687,4123813.32997
302567.526327,4123813.354
302567.777731,4123813.38158
302568.03013,4123813.42005
302568.277059,4123813.45865
302568.528033,4123813.51825
302568.777188,4123813.57605
302569.020947,4123813.6434
302569.281818,4123813.72756
302569.537362,4123813.81167
302569.801599,4123813.90685
302570.053477,4123814.0175
302570.304012,4123814.12133
302570.539204,4123814.23959
302570.768925,4123814.37056
302571.008014,4123814.49095
302571.220149,4123814.62899
302571.42587,4123814.78365
302571.642098,4123814.94473
302571.867453,4123815.11651
302572.110295,4123815.28325
302572.37158,4123815.46048
302572.646772,4123815.64403
302572.929504,4123815.84629
302573.254385,4123816.04163
302573.544397,4123816.23891
302573.833861,4123816.44434
302574.103543,4123816.6704
302574.348368,4123816.92147
302574.591771,4123817.1624
302574.8561,4123817.38729
302575.100847,4123817.61616
302575.34932,4123817.83366
302575.586604,4123818.05345
302575.831073,4123818.27048
302576.037138,4123818.51525
302576.21748,4123818.77339
302576.39613,4123819.0288
302576.602213,4123819.26801
302576.744469,4123819.53593
302576.8692,4123819.80722
302577.00395,4123820.05792
302577.131747,4123820.33376
302577.212334,4123820.60258
302577.313508,4123820.86609
302577.432338,4123821.10662
302577.546849,4123821.35854
302577.66504,4123821.59704
302577.776181,4123821.83775
302577.892697,4123822.07426
302578.015879,4123822.29859
302578.140984,4123822.51658
302578.242262,4123822.74679
302578.352968,4123822.95642
302578.459404,4123823.1669
302578.566113,4123823.37644
302578.669401,4123823.59143
302578.778998,4123823.80423
302578.88803,4123824.02445
302579.006903,4123824.25425
302579.147745,4123824.48093
302579.269875,4123824.72971
302579.417676,4123825.00064
302579.565216,4123825.27935
302579.714104,4123825.57135
302579.877495,4123825.86986
302580.028027,4123826.18144
302580.178824,4123826.47913
302580.336122,4123826.7639
302580.524962,4123827.01851
302580.682373,4123827.29551
302580.840036,4123827.56436
302580.997922,4123827.83006
302581.143191,4123828.10031
302581.29965,4123828.35568
302581.442559,4123828.61359
302581.587806,4123828.85775
302581.726727,4123829.10965
302581.864895,4123829.34843
302582.002098,4123829.59019
302582.136904,4123829.83071
302582.268827,4123830.05557
302582.399955,4123830.28434
302582.518332,4123830.50563
302582.648268,4123830.72777
302582.762909,4123830.9349
302582.873271,4123831.12363
302582.987139,4123831.32302
302583.100419,4123831.51631
302583.214377,4123831.71957
302583.333285,4123831.91939
302583.446874,4123832.12581
302583.567516,4123832.34279
302583.701314,4123832.56558
302583.83679,4123832.80941
302583.981007,4123833.04749
302584.110286,4123833.28574
302584.25025,4123833.5254
302584.383413,4123833.75893
302584.521816,4123833.98882
302584.660866,4123834.23368
302584.785375,4123834.4578
302584.917711,4123834.68764
302585.051474,4123834.90895
302585.183567,4123835.14102
302585.325366,4123835.38323
302585.463007,4123835.62479
302585.603871,4123835.87128
302585.744279,4123836.11093
302585.878694,4123836.34739
302586.010382,4123836.57485
302586.142318,4123836.80656
302586.272971,4123837.02775
302586.399502,4123837.24978
302586.5171,4123837.46313
302586.639687,4123837.67471
302586.76036,4123837.89299
302586.879393,4123838.10446
302587.007868,4123838.32108
302587.134398,4123838.5431
302587.26546,4123838.77539
302587.403932,4123839.00824
302587.544279,4123839.25159
302587.690222,4123839.50018
302587.830003,4123839.75724
302587.975999,4123840.00804
302588.119981,4123840.25501
302588.260762,4123840.49798
302588.395146,4123840.73944
302588.518533,4123840.97875
302588.619345,4123841.22692
302588.736605,4123841.4636
302588.854577,4123841.69286
302588.965417,4123841.92081
302589.085364,4123842.14595
302589.189803,4123842.35962
302589.305531,4123842.58153
302589.407905,4123842.80172
302589.482407,4123843.032
302589.572061,4123843.26489
302589.667464,4123843.4969
302589.758165,4123843.7429
302589.870436,4123844.00024
302589.97575,4123844.25737
302590.079354,4123844.53619
302590.182128,4123844.81114
302590.27797,4123845.09328
302590.366693,4123845.37467
302590.45302,4123845.65482
302590.527679,4123845.9358
302590.592393,4123846.20906
302590.648566,4123846.47771
302590.708414,4123846.74534
302590.741634,4123847.03192
302590.765618,4123847.30318
302590.785219,4123847.58934
302590.804937,4123847.88049
302590.821593,4123848.17986
302590.820281,4123848.49519
302590.815024,4123848.81894
302590.824353,4123849.13384
302590.826081,4123849.44632
302590.81922,4123849.76475
302590.828309,4123850.06318
302590.804388,4123850.36702
302590.767752,4123850.65857
302590.733302,4123850.94249
302590.699949,4123851.24155
302590.652762,4123851.51226
302590.584819,4123851.80621
302590.517798,4123852.07017
302590.430803,4123852.34663
302590.332985,4123852.61575
302590.230948,4123852.9068
302590.116487,4123853.18539
302590.000191,4123853.46142
302589.871844,4123853.73459
302589.749769,4123854.00391
302589.647632,4123854.27813
302589.54273,4123854.55427
302589.441162,4123854.82126
302589.345549,4123855.07719
302589.246452,4123855.33598
302589.143897,4123855.59245
302589.04821,4123855.85153
302588.943851,4123856.11304
302588.843466,4123856.38
302588.736459,4123856.64841
302588.627639,4123856.93408
302588.499945,4123857.22241
302588.350981,4123857.51216
302588.1985,4123857.80958
302588.048667,4123858.09381
302587.912915,4123858.38547
302587.77568,4123858.6644
302587.640185,4123858.9544
302587.508847,4123859.21987
302587.345163,4123859.48129
302587.176922,4123859.73763
302586.995095,4123859.97617
302586.80011,4123860.18355
302586.591873,4123860.39365
302586.373692,4123860.58974
302586.158145,4123860.77208
302585.933301,4123860.9365
302585.723352,4123861.0989
302585.504392,4123861.26818
302585.307675,4123861.446
302585.104127,4123861.62897
302584.905219,4123861.80796
302584.692712,4123862.00003
302584.471534,4123862.18823
302584.221037,4123862.36898
302583.969858,4123862.55844
302583.720248,4123862.73917
302583.480876,4123862.93372
302583.24212,4123863.12308
302583.0035,4123863.31188
302582.757069,4123863.46422
302582.513404,4123863.62723
302582.262255,4123863.78025
302582.006131,4123863.90414
302581.768459,4123864.05147
302581.538557,4123864.20213
302581.304233,4123864.34086
302581.075467,4123864.48946
302580.841243,4123864.63245
302580.607432,4123864.78043
302580.368842,4123864.92648
302580.124442,4123865.09599
302579.867231,4123865.25543
302579.591765,4123865.42493
302579.293676,4123865.57608
302578.977492,4123865.72526
302578.674798,4123865.90076
302578.359937,4123866.0747
302578.057374,4123866.24317
302577.756532,4123866.40937
302577.457026,4123866.57573
302577.158198,4123866.74578
302576.870677,4123866.89335
302576.571958,4123867.03657
302576.291886,4123867.19266
302576.005752,4123867.33632
302575.71556,4123867.46471
302575.436188,4123867.61284
302575.161196,4123867.74587
302574.888847,4123867.88439
302574.622491,4123868.01981
302574.352895,4123868.15586
302574.08429,4123868.29004
302573.810458,4123868.42841
302573.531321,4123868.56765
302573.239782,4123868.71421
302572.938002,4123868.86563
302572.626093,4123869.02044
302572.307409,4123869.17652
302571.990695,4123869.33459
302571.668754,4123869.49686
302571.360873,4123869.64676
302571.053691,4123869.80127
302570.748671,4123869.94704
302570.447808,4123870.09974
302570.149437,4123870.24517
302569.855767,4123870.38918
302569.564297,4123870.53241
302569.274758,4123870.67596
302568.994043,4123870.80469
302568.710105,4123870.94737
302568.435378,4123871.0791
302568.157698,4123871.21109
302567.887997,4123871.3427
302567.61377,4123871.47683
302567.347366,4123871.60392
302567.087072,4123871.72662
302566.8249,4123871.85121
302566.566606,4123871.97719
302566.30192,4123872.10183
302566.043748,4123872.2267
302565.781845,4123872.35017
302565.527326,4123872.4731
302565.268711,4123872.59798
302565.018592,4123872.71933
302564.767178,4123872.83589
302564.523562,4123872.94432
302564.283824,4123873.06042
302564.051383,4123873.17228
302563.809353,4123873.27901
302563.565119,4123873.39263
302563.324438,4123873.50635
302563.06437,4123873.62608
302562.815478,4123873.74296
302562.55448,4123873.86715
302562.296686,4123873.98923
302562.035975,4123874.11305
302561.775668,4123874.2289
302561.532151,4123874.37303
302561.314305,4123874.54561
302561.103887,4123874.73208
302560.893173,4123874.89339
302560.677305,4123875.03688
302560.455736,4123875.18327
302560.236403,4123875.31777
302560.011838,4123875.46257
302559.802063,4123875.60092
302559.572488,4123875.74658
302559.355216,4123875.89324
302559.128103,4123876.07437
302558.909105,4123876.27343
302558.704519,4123876.50658
302558.505581,4123876.74718
302558.339912,4123877.02475
302558.197708,4123877.33137
302558.084514,4123877.65118
302557.95533,4123877.95157
302557.799684,4123878.25277
302557.65121,4123878.53808
302557.480422,4123878.83075
302557.330747,4123879.11534
302557.164094,4123879.39515
302557.004274,4123879.67609
302556.875107,4123879.96464
302556.803961,4123880.27329
302556.705004,4123880.56317
302556.584096,4123880.8443
302556.485174,4123881.12937
302556.429057,4123881.41657
302556.395992,4123881.71525
302556.414789,4123882.01124
302556.471803,4123882.32187
302556.553373,4123882.59473
302556.653908,4123882.86252
302556.781726,4123883.10783
302556.896264,4123883.35457
302556.994489,4123883.60594
302557.087192,4123883.84893
302557.157677,4123884.09707
302557.228306,4123884.34503
302557.317943,4123884.58346
302557.379204,4123884.82313
302557.451516,4123885.05457
302557.521584,4123885.28496
302557.588803,4123885.51375
302557.690964,4123885.73117
302557.759596,4123885.97602
302557.842167,4123886.22221
302557.92665,4123886.48057
302558.051298,4123886.73576
302558.193393,4123886.99055
302558.31692,4123887.27352
302558.431457,4123887.55171
302558.554588,4123887.84932
302558.688347,4123888.12706
302558.837578,4123888.38963
302558.948871,4123888.66826
302559.07722,4123888.93614
302559.200385,4123889.20376
302559.313831,4123889.46699
302559.430712,4123889.71904
302559.541792,4123889.97603
302559.681739,4123890.22124
302559.79315,4123890.47342
302559.914645,4123890.72665
302560.035775,4123890.98951
302560.163306,4123891.26037
302560.329162,4123891.52532
302560.514539,4123891.7963
302560.686466,4123892.09294
302560.857719,4123892.40495
302561.031373,4123892.7121
302561.204557,4123893.03073
302561.374605,4123893.34184
302561.546193,4123893.64922
302561.716659,4123893.95293
302561.884355,4123894.25207
302562.050406,4123894.55681
302562.214275,4123894.85678
302562.381106,4123895.16316
302562.552285,4123895.47203
302562.726582,4123895.79397
302562.907658,4123896.11482
302563.111887,4123896.43882
302563.350288,4123896.74389
302563.550329,4123897.06596
302563.75171,4123897.38208
302563.947641,4123897.69295
302564.149365,4123897.99852
302564.336882,4123898.30386
302564.526438,4123898.60156
302564.717582,4123898.90386
302564.902702,4123899.20167
302565.094024,4123899.50525
302565.289095,4123899.81097
302565.4841,4123900.12649
302565.680527,4123900.44587
302565.890892,4123900.77288
302566.102166,4123901.11966
302566.324711,4123901.48025
302566.552806,4123901.84403
302566.78965,4123902.21501
302567.021615,4123902.60497
302567.260198,4123902.97443
302567.49178,4123903.35441
302567.721841,4123903.73258
302567.946526,4123904.09607
302568.169015,4123904.46683
302568.363429,4123904.83899
302568.518448,4123905.22818
302568.70279,4123905.59984
302568.89226,4123905.96305
302569.065083,4123906.32924
302569.246611,4123906.6882
302569.42293,4123907.0458
302569.596044,4123907.39921
302569.765697,4123907.75012
302569.935232,4123908.09604
302570.10104,4123908.44075
302570.273427,4123908.78216
302570.448763,4123909.11054
302570.61328,4123909.43807
302570.774182,4123909.7692
302570.935585,4123910.09015
302571.095427,4123910.40761
302571.250563,4123910.72629
302571.405356,4123911.03666
302571.558865,4123911.34909
302571.707005,4123911.65332
302571.855287,4123911.95736
302572.002661,4123912.25421
302572.149769,4123912.55236
302572.297734,4123912.85548
302572.452975,4123913.15973
302572.653628,4123913.44497
302572.829107,4123913.75429
302573.00493,4123914.07822
302573.188781,4123914.40382
302573.367373,4123914.72602
302573.546384,4123915.04711
302573.721428,4123915.3631
302573.893798,4123915.6786
302574.062149,4123915.9868
302574.232471,4123916.29699
302574.400231,4123916.6052
302574.573375,4123916.92216
302574.747575,4123917.24003
302574.925116,4123917.56781
302575.110462,4123917.90669
302575.297526,4123918.25571
302575.4937,4123918.61469
302575.690988,4123918.97069
302575.884223,4123919.33048
302576.07694,4123919.68714
302576.265713,4123920.03963
302576.453264,4123920.3842
302576.637158,4123920.73052
302576.818221,4123921.06969
302576.999366,4123921.40608
302577.17324,4123921.74153
302577.351546,4123922.0704
302577.523289,4123922.39702
302577.692615,4123922.72148
302577.862397,4123923.04019
302578.027395,4123923.35679
302578.190954,4123923.6688
302578.352774,4123923.97604
302578.512898,4123924.28665
302578.671838,4123924.591
302578.827283,4123924.89135
302578.982262,4123925.1908
302579.134706,4123925.48938
302579.288184,4123925.78793
302579.440437,4123926.09096
302579.593259,4123926.38675
302579.747486,4123926.68566
302579.897933,4123926.98743
302580.055056,4123927.29626
302580.217089,4123927.61256
302580.3818,4123927.93583
302580.55173,4123928.26712
302580.717485,4123928.59703
302580.882349,4123928.92677
302581.043555,4123929.25197
302581.204048,4123929.56572
302581.360767,4123929.88252
302581.49686,4123930.20294
302581.64539,4123930.51124
302581.79258,4123930.8129
302581.933204,4123931.11842
302582.074606,4123931.413
302582.209233,4123931.70885
302582.30825,4123932.01905
302582.418007,4123932.31419
302582.54518,4123932.60134
302582.656672,4123932.88848
302582.772513,4123933.16553
302582.887563,4123933.44667
302582.997002,4123933.72202
302583.109134,4123934.0049
302583.225262,4123934.28786
302583.341011,4123934.5799
302583.461266,4123934.88109
302583.587926,4123935.19674
302583.715648,4123935.51977
302583.846379,4123935.84495
302583.973783,4123936.17335
302584.103183,4123936.49856
302584.229017,4123936.81683
302584.35319,4123937.13365
302584.474232,4123937.44314
302584.594413,4123937.74748
302584.714267,4123938.05681
302584.831317,4123938.36011
302584.945979,4123938.65625
302585.06105,4123938.9509
302585.168842,4123939.23794
302585.279773,4123939.52639
302585.391965,4123939.81815
302585.504349,4123940.10546
302585.615036,4123940.40243
302585.73119,4123940.70538
302585.848901,4123941.01791
302585.975044,4123941.3493
302586.10844,4123941.69348
302586.241632,4123942.05413
302586.385144,4123942.42582
302586.52966,4123942.81507
302586.676316,4123943.20094
302586.820506,4123943.59519
302586.960825,4123943.98213
302587.101136,4123944.36241
302587.241991,4123944.74064
302587.377096,4123945.11346
302587.513054,4123945.48477
302587.643524,4123945.84919
302587.778207,4123946.21035
302587.905768,4123946.56429
302588.032189,4123946.9201
302588.157649,4123947.2665
302588.281709,4123947.61626
302588.403229,4123947.95868
302588.522557,4123948.29597
302588.639442,4123948.63628
302588.757796,4123948.96989
302588.874728,4123949.30594
302588.99043,4123949.63999
302589.109797,4123949.98523
302589.227869,4123950.33199
302589.353059,4123950.69838
302589.481102,4123951.07284
302589.614612,4123951.45957
302589.753409,4123951.86986
302589.896673,4123952.29393
302590.044133,4123952.72659
302590.185592,4123953.16198
302590.330125,4123953.59601
302590.472258,4123954.02861
302590.610747,4123954.45094
302590.746587,4123954.87388
302590.883371,4123955.28663
302591.016289,4123955.70483
302591.147163,4123956.1116
302591.276841,4123956.51785
302591.402728,4123956.92012
302591.527361,4123957.31946
302591.651378,4123957.71141
302591.773728,4123958.10174
302591.890434,4123958.49108
302592.009597,4123958.87168
302592.125425,4123959.25512
302592.241192,4123959.62969
302592.353075,4123960.00268
302592.468263,4123960.37152
302592.573902,4123960.73689
302592.684459,4123961.09752
302592.790624,4123961.4601
302592.899428,4123961.82169
302593.006959,4123962.19201
302593.117016,4123962.56282
302593.227364,4123962.93974
302593.334307,4123963.31655
302593.443412,4123963.6909
302593.550351,4123964.06123
302593.655332,4123964.42384
302593.758197,4123964.77817
302593.859887,4123965.13919
302593.95888,4123965.48621
302594.056148,4123965.83531
302594.151937,4123966.18444
302594.249839,4123966.52908
302594.350542,4123966.87957
302594.445387,4123967.23261
302594.541684,4123967.58451
302594.637791,4123967.93456
302594.732227,4123968.28908
302594.827542,4123968.63064
302594.878944,4123968.97952
302594.921471,4123969.32213
302595.003239,4123969.65383
302595.061169,4123969.98461
302595.130227,4123970.3105
302595.195844,4123970.62851
302595.253587,4123970.94505
302595.317287,4123971.257
302595.377625,4123971.56441
302595.435342,4123971.87354
302595.496672,4123972.17907
302595.531645,4123972.48985
302595.552754,4123972.81502
302595.609049,4123973.13288
302595.647483,4123973.44617
302595.691619,4123973.75655
302595.736876,4123974.05802
302595.776767,4123974.36405
302595.814519,4123974.66089
302595.834772,4123974.95592
302595.877546,4123975.24616
302595.901847,4123975.53091
302595.932876,4123975.81236
302595.96347,4123976.0879
302595.991628,4123976.36054
302596.022992,4123976.63735
302596.051033,4123976.91758
302596.081522,4123977.20126
302596.112516,4123977.50011
302596.142905,4123977.8047
302596.176165,4123978.1244
302596.210329,4123978.4637
302596.248381,4123978.81733
302596.280141,4123979.18647
302596.31661,4123979.55458
302596.352213,4123979.92363
302596.38633,4123980.29234
302596.418346,4123980.64723
302596.452554,4123981.00724
302596.480586,4123981.3563
302596.512207,4123981.70694
302596.545658,4123982.04736
302596.572999,4123982.38589
302596.593839,4123982.71847
302596.621828,4123983.0468
302596.645073,4123983.3684
302596.669887,4123983.68756
302596.693149,4123984.00991
302596.715977,4123984.32004
302596.735529,4123984.62933
302596.760887,4123984.93386
302596.777553,4123985.24618
302596.80298,4123985.54738
302596.825355,4123985.86345
302596.846778,4123986.18935
302596.868679,4123986.5293
302596.888249,4123986.88337
302596.910698,4123987.25291
302596.933782,4123987.64317
302596.958284,4123988.04338
302596.984408,4123988.45595
302597.007496,4123988.87156
302597.034012,4123989.28819
302597.05667,4123989.69807
302597.064951,4123990.1068
302597.067784,4123990.50401
302597.082979,4123990.89223
302597.087795,4123991.29198
302597.083931,4123991.67491
302597.06909,4123992.06291
302597.073967,4123992.43379
302597.07406,4123992.80886
302597.074039,4123993.17912
302597.074032,4123993.54364
302597.069276,4123993.90124
302597.068395,4123994.26004
302597.057673,4123994.62815
302597.051373,4123994.97043
302597.057645,4123995.31889
302597.052359,4123995.67909
302597.040132,4123996.04612
302597.043186,4123996.41501
302597.03116,4123996.80942
302597.028391,4123997.2075
302597.019443,4123997.6196
302597.014405,4123998.04068
302597.023909,4123998.46363
302597.041157,4123998.88252
302597.02603,4123999.30235
302597.030315,4123999.711
302597.035187,4124000.11315
302597.029784,4124000.5124
302597.030738,4124000.9115
302597.035497,4124001.29627
302597.040738,4124001.68898
302597.023637,4124002.06889
302597.00924,4124002.45059
302597.005124,4124002.82279
302596.996284,4124003.18289
302596.989198,4124003.55461
302596.999075,4124003.90539
302597.053682,4124004.26475
302597.082697,4124004.61156
302597.096897,4124004.95743
302597.123351,4124005.29598
302597.142778,4124005.63136
302597.154629,4124005.97174
302597.172682,4124006.29272
302597.188838,4124006.62115
302597.208391,4124006.94302
302597.227104,4124007.26066
302597.240599,4124007.57657
302597.253268,4124007.90138
302597.274317,4124008.22396
302597.284303,4124008.54791
302597.29942,4124008.88876
302597.31515,4124009.23681
302597.332803,4124009.60369
302597.354856,4124009.98157
302597.367674,4124010.38817
302597.392101,4124010.80411
302597.464821,4124011.2228
302597.565197,4124011.63492
302597.618565,4124012.05481
302597.676238,4124012.46904
302597.73459,4124012.88696
302597.790084,4124013.29033
302597.842669,4124013.7021
302597.896441,4124014.09515
302597.94503,4124014.49424
302597.998215,4124014.88748
302598.052731,4124015.2807
302598.102924,4124015.66624
302598.156253,4124016.04043
302598.222362,4124016.41709
302598.265997,4124016.80057
302598.321374,4124017.16749
302598.36711,4124017.52705
302598.418999,4124017.89664
302598.464065,4124018.25288
302598.517524,4124018.62003
302598.555654,4124018.96441
302598.608265,4124019.32067
302598.652918,4124019.67822
302598.699502,4124020.04238
302598.745699,4124020.40267
302598.793261,4124020.78328
302598.841163,4124021.17203
302598.888782,4124021.57392
302598.939318,4124021.98036
302598.990221,4124022.38976
302599.038392,4124022.78997
302599.084732,4124023.18782
302599.132903,4124023.58803
302599.177478,4124023.98629
302599.220305,4124024.36683
302599.26785,4124024.75928
302599.308776,4124025.1345
302599.355438,4124025.52087
302599.399874,4124025.88804
302599.441183,4124026.26066
302599.48367,4124026.62677
302599.525353,4124026.99013
302599.564222,4124027.35337
302599.604027,4124027.71233
302599.643866,4124028.07906
302599.681726,4124028.44343
302599.725892,4124028.81801
302599.760439,4124029.20504
302599.808419,4124029.59711
302599.849154,4124029.98935
302599.888893,4124030.38958
302599.930372,4124030.78828
302599.972629,4124031.17605
302600.01896,4124031.56094
302600.052398,4124031.95114
302600.093655,4124032.32783
302600.127428,4124032.70081
302600.168184,4124033.0751
302600.20708,4124033.43945
302600.240418,4124033.80023
302600.272442,4124034.16177
302600.305776,4124034.52866
302600.343771,4124034.88618
302600.378505,4124035.26228
302600.413782,4124035.63004
302600.447942,4124036.02577
302600.486011,4124036.42418
302600.52178,4124036.82543
302600.556105,4124037.22818
302600.591392,4124037.62777
302600.625573,4124038.01814
302600.665173,4124038.40615
302600.697124,4124038.79601
302600.729201,4124039.17236
302600.75485,4124039.55848
302600.797638,4124039.92477
302600.82507,4124040.29864
302600.847884,4124040.65856
302600.880039,4124041.01936
302600.907554,4124041.37787
302600.938622,4124041.74277
302600.969503,4124042.09972
302601.000493,4124042.46758
302601.029317,4124042.83772
302601.055854,4124043.21124
302601.047702,4124043.59427
302601.089276,4124043.95929
302601.101336,4124044.32112
302601.120097,4124044.67854
302601.091272,4124045.03801
302601.045809,4124045.38195
302601.052137,4124045.72652
302601.028256,4124046.06348
302600.995613,4124046.40527
302600.997223,4124046.73793
302600.977926,4124047.06848
302600.963629,4124047.38523
302600.947953,4124047.70627
302600.932522,4124048.01879
302600.919947,4124048.33957
302600.906528,4124048.64963
302600.886765,4124048.96669
302600.872303,4124049.289
302600.852597,4124049.62105
302600.839861,4124049.97273
302600.817703,4124050.33259
302600.796805,4124050.70834
302600.780908,4124051.10802
302600.759471,4124051.52374
302600.733812,4124051.94864
302600.721912,4124052.37357
302600.688838,4124052.80401
302600.666941,4124053.22529
302600.643912,4124053.64883
302600.619353,4124054.06389
302600.599226,4124054.47866
302600.57518,4124054.89037
302600.54932,4124055.29417
302600.518373,4124055.68921
302600.438413,4124056.07597
302600.395659,4124056.45963
302600.351866,4124056.83684
302600.28767,4124057.21453
302600.247926,4124057.59405
302600.193326,4124057.95837
302600.119089,4124058.31798
302600.02206,4124058.66461
302599.907681,4124059.00314
302599.776533,4124059.33319
302599.670047,4124059.66136
302599.517287,4124059.9908
302599.399668,4124060.31109
302599.296677,4124060.63066
302599.181337,4124060.94719
302599.079273,4124061.25583
302598.967942,4124061.56672
302598.864655,4124061.88001
302598.749959,4124062.19246
302598.641024,4124062.51088
302598.530997,4124062.84579
302598.409086,4124063.18487
302598.294438,4124063.51193
302598.17501,4124063.84966
302598.096937,4124064.19085
302598.045338,4124064.53179
302597.939713,4124064.85883
302597.860487,4124065.18247
302597.773865,4124065.49981
302597.681103,4124065.81396
302597.59952,4124066.12544
302597.510911,4124066.43376
302597.446792,4124066.74558
302597.427612,4124067.06855
302597.440455,4124067.40075
302597.440983,4124067.74398
302597.413976,4124068.09267
302597.384555,4124068.44567
302597.349333,4124068.80991
302597.310589,4124069.17535
302597.280995,4124069.53353
302597.24169,4124069.89398
302597.20809,4124070.24542
302597.178756,4124070.59582
302597.148083,4124070.9396
302597.104925,4124071.29348
302597.07209,4124071.63972
302597.046553,4124071.99429
302597.051847,4124072.35776
302597.032032,4124072.72294
302597.006865,4124073.09323
302596.990677,4124073.45536
302597.006338,4124073.80674
302597.044307,4124074.16316
302597.060455,4124074.51009
302597.065362,4124074.85081
302597.074582,4124075.18625
302597.093153,4124075.52295
302597.092528,4124075.85492
302597.109141,4124076.1776
302597.114852,4124076.49591
302597.158101,4124076.8126
302597.153441,4124077.12394
302597.17175,4124077.43697
302597.179252,4124077.7371
302597.188221,4124078.04923
302597.201472,4124078.3485
302597.213072,4124078.65927
302597.226097,4124078.97408
302597.241767,4124079.29438
302597.251896,4124079.63072
302597.260252,4124079.99227
302597.273143,4124080.35797
302597.290587,4124080.75372
302597.300295,4124081.16649
302597.315465,4124081.59764
302597.333322,4124082.02984
302597.339956,4124082.46914
302597.354661,4124082.91825
302597.366713,4124083.37408
302597.372851,4124083.83005
302597.384851,4124084.28366
302597.396616,4124084.73358
302597.406055,4124085.17892
302597.415293,4124085.61576
302597.423371,4124086.05355
302597.430122,4124086.48527
302597.439865,4124086.90581
302597.453465,4124087.32053
302597.460003,4124087.74318
302597.466011,4124088.14957
302597.466291,4124088.56404
302597.473573,4124088.97428
302597.476788,4124089.38147
302597.480052,4124089.79698
302597.486551,4124090.21168
302597.490736,4124090.64124
302597.494348,4124091.07784
302597.499403,4124091.5318
302597.505646,4124091.9985
302597.502143,4124092.46598
302597.505133,4124092.93276
302597.505409,4124093.40367
302597.502798,4124093.85874
302597.50017,4124094.31306
302597.499359,4124094.7629
302597.50317,4124095.20172
302597.497367,4124095.64687
302597.496617,4124096.08043
302597.493075,4124096.51479
302597.487555,4124096.9405
302597.483939,4124097.36543
302597.475214,4124097.78696
302597.470602,4124098.20729
302597.460124,4124098.6235
302597.448664,4124099.04195
302597.446152,4124099.45723
302597.436909,4124099.86934
302597.430006,4124100.2677
302597.420937,4124100.67462
302597.41496,4124101.06834
302597.400211,4124101.46022
302597.397174,4124101.85312
302597.383856,4124102.24294
302597.369578,4124102.62963
302597.360926,4124103.01656
302597.347856,4124103.4295
302597.334078,4124103.83116
302597.32897,4124104.2367
302597.31073,4124104.66882
302597.301235,4124105.09536
302597.285057,4124105.52706
302597.269474,4124105.95894
302597.263179,4124106.3769
302597.242826,4124106.79463
302597.224438,4124107.20788
302597.209255,4124107.61902
302597.192128,4124108.01669
302597.175836,4124108.41842
302597.158044,4124108.81926
302597.153245,4124109.21905
302597.126769,4124109.62175
302597.108203,4124110.02742
302597.093059,4124110.44651
302597.072688,4124110.8698
302597.049952,4124111.30573
302597.02846,4124111.73792
302597.004262,4124112.16833
302596.968432,4124112.60105
302596.943496,4124113.02518
302596.908048,4124113.44901
302596.864961,4124113.86247
302596.8271,4124114.27173
302596.775742,4124114.67947
302596.723705,4124115.08351
302596.682052,4124115.47622
302596.63552,4124115.87532
302596.595763,4124116.27316
302596.54587,4124116.66772
302596.494233,4124117.05104
302596.434873,4124117.45192
302596.316656,4124117.84735
302596.196516,4124118.23024
302596.082364,4124118.62872
302595.91833,4124119.01967
302595.779709,4124119.403
302595.658387,4124119.79221
302595.538616,4124120.16565
302595.417172,4124120.54339
302595.295619,4124120.91651
302595.177393,4124121.2864
302595.062915,4124121.65214
302594.94418,4124122.01297
302594.823583,4124122.37015
302594.710397,4124122.7279
302594.591118,4124123.0782
302594.456206,4124123.42425
302594.343911,4124123.78216
302594.216935,4124124.13857
302594.090786,4124124.49865
302593.952548,4124124.85421
302593.78533,4124125.19158
302593.620853,4124125.52593
302593.451735,4124125.85168
302593.240628,4124126.15326
302593.052263,4124126.45319
302592.867387,4124126.75675
302592.644525,4124127.03029
302592.389197,4124127.26944
302592.125993,4124127.48824
302591.880976,4124127.7129
302591.63444,4124127.91077
302591.382221,4124128.12486
302591.152511,4124128.35879
302590.913929,4124128.57404
302590.679704,4124128.79845
302590.447163,4124129.03151
302590.204132,4124129.2652
302589.954897,4124129.49921
302589.700291,4124129.75018
302589.435957,4124129.99639
302589.159356,4124130.24308
302588.882655,4124130.4918
302588.587368,4124130.70506
302588.273248,4124130.8849
302587.927713,4124131.05623
302587.591288,4124131.1809
302587.260338,4124131.28046
302586.922617,4124131.37519
302586.587175,4124131.42212
302586.26377,4124131.5154
302585.951732,4124131.61396
302585.629905,4124131.71775
302585.307783,4124131.82155
302584.997436,4124131.92284
302584.654527,4124132.01714
302584.330905,4124132.10746
302583.988718,4124132.15066
302583.650922,4124132.15417
302583.304217,4124132.18767
302582.621818,4124132.28255
302582.292915,4124132.3371
302581.967566,4124132.34142
302581.637054,4124132.30238
302581.314061,4124132.25595
302580.988463,4124132.23715
302580.665092,4124132.23125
302580.351375,4124132.22697
302580.032474,4124132.22244
302579.707076,4124132.20586
302579.380869,4124132.18004
302579.056189,4124132.12476
302578.730991,4124132.01602
302578.424865,4124131.88796
302578.107846,4124131.79365
302577.798407,4124131.70711
302577.496295,4124131.63651
302577.193914,4124131.55443
302576.890998,4124131.48107
302576.593648,4124131.40535
302576.317936,4124131.2873
302576.041628,4124131.14392
302575.785244,4124130.97343
302575.537367,4124130.82494
302575.289938,4124130.65146
302575.052918,4124130.47403
302574.802584,4124130.32801
302574.555551,4124130.17765
302574.313487,4124130.03106
302574.061862,4124129.89302
302573.804448,4124129.73532
302573.554022,4124129.5917
302573.29413,4124129.43553
302573.017609,4124129.27051
302572.708099,4124129.08036
302572.399663,4124128.91072
302572.052135,4124128.77715
302571.688556,4124128.69078
302571.333152,4124128.56203
302570.974126,4124128.42393
302570.617583,4124128.30963
302570.24919,4124128.24503
302569.881929,4124128.20963
302569.528056,4124128.13339
302569.175484,4124128.06212
302568.825612,4124127.97986
302568.479862,4124127.9471
302568.129817,4124127.95811
302567.789486,4124127.94817
302567.456443,4124127.92103
302567.120857,4124127.89266
302566.793024,4124127.86688
302566.467995,4124127.84085
302566.140515,4124127.85521
302565.825292,4124127.83099
302565.511161,4124127.80914
302565.206828,4124127.79502
302564.898572,4124127.78395
302564.627001,4124127.82938
302564.331152,4124127.83634
302564.038894,4124127.8262
302563.749215,4124127.83764
302563.460598,4124127.83129
302563.178825,4124127.83292
302562.888733,4124127.82679
302562.594901,4124127.82519
302562.296029,4124127.82316
302561.985373,4124127.82325
302561.666363,4124127.82039
302561.349628,4124127.81359
302561.035136,4124127.81414
302560.72391,4124127.80888
302560.419272,4124127.80698
302560.118487,4124127.79907
302559.82212,4124127.7966
302559.530272,4124127.79126
302559.240132,4124127.78939
302558.950523,4124127.78491
302558.66057,4124127.77841
302558.366269,4124127.77571
302558.065179,4124127.76744
302557.753997,4124127.76402
302557.430808,4124127.7596
302557.090851,4124127.75298
302556.736944,4124127.74447
302556.378128,4124127.73477
302556.017915,4124127.72863
302555.660916,4124127.72075
302555.304157,4124127.71045
302554.957651,4124127.70842
302554.613472,4124127.6921
302554.268605,4124127.6843
302553.935976,4124127.68102
302553.595319,4124127.66979
302553.246174,4124127.66875
302552.892375,4124127.65228
302552.526557,4124127.64053
302552.148338,4124127.62352
302551.761103,4124127.6132
302551.366441,4124127.60158
302550.969205,4124127.58742
302550.570778,4124127.57293
302550.179473,4124127.55937
302549.794326,4124127.54345
302549.41184,4124127.52747
302549.029111,4124127.52001
302548.654961,4124127.50624
302548.286243,4124127.49696
302547.913894,4124127.47797
302547.527651,4124127.46577
302547.1438,4124127.44205
302546.765836,4124127.42966
302546.382759,4124127.4137
302546.010249,4124127.39415
302545.637634,4124127.38275
302545.270668,4124127.36621
302544.9125,4124127.34633
302544.547382,4124127.32661
302544.189009,4124127.31062
302543.827796,4124127.29339
302543.465122,4124127.28324
302543.0978,4124127.26412
302542.709239,4124127.22886
302542.31169,4124127.21397
302541.907069,4124127.18778
302541.491391,4124127.17572
302541.086554,4124127.14657
302540.686448,4124127.14248
302540.293455,4124127.1075
302539.894958,4124127.07746
302539.50761,4124127.06234
302539.122454,4124127.03976
302538.733545,4124127.00228
302538.366819,4124126.98333
302537.987459,4124126.94933
302537.630755,4124126.89111
302537.270203,4124126.8265
302536.920452,4124126.6991
302536.577789,4124126.59632
302536.237669,4124126.4822
302535.906451,4124126.35658
302535.586766,4124126.21811
302535.274186,4124126.07984
302534.983383,4124125.90516
302534.704064,4124125.72818
302534.449197,4124125.54044
302534.192608,4124125.33609
302533.931875,4124125.12536
302533.694515,4124124.89577
302533.463643,4124124.67157
302533.249134,4124124.43237
302533.056972,4124124.18727
302532.85711,4124123.9481
302532.651694,4124123.7307
302532.426684,4124123.51673
302532.222708,4124123.28505
302532.00489,4124123.0624
302531.774696,4124122.84188
302531.547942,4124122.60408
302531.32231,4124122.35737
302531.111175,4124122.08552
302530.866996,4124121.84276
302530.644299,4124121.58247
302530.417449,4124121.3406
302530.202744,4124121.09308
302529.980529,4124120.83445
302529.796538,4124120.58453
302529.620605,4124120.29983
302529.50102,4124119.99567
302529.411722,4124119.68358
302529.394411,4124119.36276
302529.407039,4124119.0381
302529.434566,4124118.73047
302529.489336,4124118.43646
302529.529622,4124118.14297
302529.549051,4124117.85589
302529.560275,4124117.56586
302529.556258,4124117.2945
302529.573744,4124117.01913
302529.564987,4124116.74752
302529.574237,4124116.47419
302529.570402,4124116.19802
302529.568264,4124115.93106
302529.56198,4124115.65143
302529.570391,4124115.36757
302529.563529,4124115.07593
302529.570896,4124114.76656
302529.599914,4124114.44688
302529.598357,4124114.12292
302529.607737,4124113.78593
302529.622848,4124113.44733
302529.629445,4124113.11152
302529.644956,4124112.78364
302529.6503,4124112.45748
302529.655897,4124112.12946
302529.666394,4124111.80855
302529.678301,4124111.47835
302529.688472,4124111.13727
302529.697082,4124110.8053
302529.709753,4124110.44473
302529.718498,4124110.08704
302529.734043,4124109.70402
302529.748714,4124109.3027
302529.762706,4124108.87882
302529.77846,4124108.43547
302529.795326,4124107.97026
302529.814631,4124107.49556
302529.83091,4124106.99909
302529.846715,4124106.51393
302529.864933,4124106.02445
302529.884735,4124105.53308
302529.902536,4124105.05101
302529.922728,4124104.57
302529.944152,4124104.09728
302529.963427,4124103.62757
302529.983624,4124103.16562
302530.00427,4124102.70384
302530.024389,4124102.23855
302530.045838,4124101.78582
302530.065923,4124101.33793
302530.089664,4124100.89458
302530.09983,4124100.45266
302530.114701,4124100.0221
302530.136329,4124099.58953
302530.152878,4124099.16115
302530.170976,4124098.7357
302530.173436,4124098.31838
302530.169265,4124097.90215
302530.194311,4124097.4954
302530.197098,4124097.09196
302530.211808,4124096.68601
302530.224649,4124096.28862
302530.239524,4124095.896
302530.250782,4124095.50678
302530.263957,4124095.12363
302530.279081,4124094.74155
302530.293609,4124094.36558
302530.308537,4124093.98776
302530.323661,4124093.61196
302530.337854,4124093.22805
302530.357435,4124092.8342
302530.37345,4124092.4397
302530.388016,4124092.04652
302530.405653,4124091.65179
302530.423647,4124091.26594
302530.44041,4124090.88437
302530.456269,4124090.50837
302530.427859,4124090.13083
302530.387195,4124089.76689
302530.393574,4124089.39667
302530.377723,4124089.04991
302530.36389,4124088.6946
302530.35611,4124088.34506
302530.350714,4124087.98992
302530.348152,4124087.64211
302530.369177,4124087.30337
302530.359015,4124086.96573
302530.367425,4124086.63155
302530.373108,4124086.30094
302530.377779,4124085.97128
302530.380501,4124085.64684
302530.381732,4124085.32189
302530.385502,4124084.9917
302530.391338,4124084.65498
302530.394391,4124084.31315
302530.400274,4124083.95959
302530.403509,4124083.58777
302530.409022,4124083.20591
302530.41474,4124082.81387
302530.420657,4124082.42405
302530.429289,4124082.03009
302530.434467,4124081.64028
302530.442524,4124081.24078
302530.449098,4124080.84742
302530.458386,4124080.46251
302530.466026,4124080.07043
302530.473835,4124079.67926
302530.484832,4124079.29154
302530.494103,4124078.91218
302530.502538,4124078.52248
302530.510222,4124078.14482
302530.52158,4124077.77245
302530.534486,4124077.403
302530.540352,4124077.02983
302530.554623,4124076.65553
302530.563403,4124076.27415
302530.57536,4124075.88326
302530.589775,4124075.48361
302530.599498,4124075.07945
302530.613125,4124074.67149
302530.626792,4124074.27149
302530.641224,4124073.87258
302530.655061,4124073.47979
302530.667671,4124073.09148
302530.654716,4124072.71061
302530.651036,4124072.32785
302530.659772,4124071.95091
302530.656141,4124071.58278
302530.661985,4124071.20868
302530.663811,4124070.84615
302530.666981,4124070.48414
302530.67189,4124070.12691
302530.674695,4124069.77453
302530.680217,4124069.4245
302530.683118,4124069.08248
302530.692563,4124068.73569
302530.687966,4124068.40199
302530.669694,4124068.06547
302530.690215,4124067.73673
302530.681079,4124067.41128
302530.689341,4124067.09597
302530.690529,4124066.76917
302530.694121,4124066.45027
302530.699244,4124066.13984
302530.700162,4124065.83303
302530.706516,4124065.5309
302530.707038,4124065.23243
302530.712239,4124064.93791
302530.71805,4124064.63783
302530.723021,4124064.3461
302530.729257,4124064.05785
302530.732511,4124063.76227
302530.738986,4124063.46532
302530.742426,4124063.15882
302530.749906,4124062.83538
302530.755355,4124062.50737
302530.766683,4124062.16515
302530.77338,4124061.82101
302530.778977,4124061.48671
302530.789074,4124061.14878
302530.795989,4124060.82018
302530.803321,4124060.49674
302530.811914,4124060.17032
302530.820102,4124059.85816
302530.828065,4124059.53638
302530.837384,4124059.22197
302530.847473,4124058.90883
302530.856488,4124058.58777
302530.864368,4124058.26247
302530.876253,4124057.92506
302530.888485,4124057.58356
302530.897905,4124057.24195
302530.908528,4124056.90123
302530.919048,4124056.56866
302530.93045,4124056.24217
302530.942543,4124055.91363
302530.953533,4124055.59474
302530.963204,4124055.27644
302530.977507,4124054.96006
302530.985939,4124054.64567
302530.959974,4124054.33431
302530.928782,4124054.02714
302530.90624,4124053.72921
302530.858649,4124053.42927
302530.850353,4124053.12694
302530.824927,4124052.83222
302530.813817,4124052.53605
302530.797293,4124052.24871
302530.779934,4124051.9636
302530.761488,4124051.6826
302530.740755,4124051.39868
302530.725444,4124051.10632
302530.709886,4124050.81599
302530.69331,4124050.51385
302530.674089,4124050.19992
302530.655899,4124049.8732
302530.637457,4124049.52318
302530.619127,4124049.15909
302530.59774,4124048.78452
302530.576667,4124048.4044
302530.560559,4124048.02157
302530.540225,4124047.64143
302530.521403,4124047.26902
302530.501447,4124046.89868
302530.482248,4124046.53535
302530.46855,4124046.17318
302530.485514,4124045.8127
302530.47245,4124045.45867
302530.467167,4124045.10833
302530.465127,4124044.76384
302530.464166,4124044.4086
302530.457491,4124044.06829
302530.455734,4124043.72953
302530.449716,4124043.41085
302530.503782,4124043.068
302530.533975,4124042.74163
302530.540598,4124042.4258
302530.564372,4124042.10328
302530.578258,4124041.79431
302530.595005,4124041.48749
302530.612752,4124041.17918
302530.629729,4124040.87587
302530.642358,4124040.57637
302530.661932,4124040.26394
302530.677857,4124039.94734
302530.695978,4124039.62347
302530.714903,4124039.28348
302530.735672,4124038.92754
302530.75681,4124038.55586
302530.776165,4124038.17127
302530.801186,4124037.78229
302530.824451,4124037.39409
302530.842862,4124037.00711
302530.868184,4124036.6246
302530.890622,4124036.24531
302530.9133,4124035.86989
302530.935856,4124035.50188
302530.958029,4124035.13646
302530.97985,4124034.77494
302531.00475,4124034.41853
302531.027637,4124034.06457
302531.050576,4124033.71284
302531.07134,4124033.36929
302531.096093,4124033.01917
302531.120349,4124032.66685
302531.141266,4124032.31719
302531.167657,4124031.95501
302531.193136,4124031.58545
302531.219714,4124031.19976
302531.246601,4124030.81463
302531.260607,4124030.43534
302531.266926,4124030.05624
302531.295252,4124029.68198
302531.314234,4124029.30665
302531.324614,4124028.943
302531.320687,4124028.58116
302531.343656,4124028.22442
302531.350896,4124027.87194
302531.355815,4124027.52137
302531.352453,4124027.17728
302531.370944,4124026.84397
302531.376284,4124026.50504
302531.387882,4124026.17429
302531.400693,4124025.83223
302531.412539,4124025.49315
302531.423141,4124025.16409
302531.435948,4124024.81555
302531.448154,4124024.45407
302531.46087,4124024.08277
302531.473793,4124023.69519
302531.488017,4124023.2874
302531.503106,4124022.86609
302531.522517,4124022.43357
302531.53517,4124021.99678
302531.552994,4124021.56596
302531.570666,4124021.13497
302531.588664,4124020.71155
302531.605728,4124020.29241
302531.623404,4124019.88047
302531.641267,4124019.4702
302531.671968,4124019.0648
302531.754709,4124018.68316
302531.814376,4124018.28911
302531.868198,4124017.89187
302531.91902,4124017.51172
302531.973938,4124017.1422
302532.029618,4124016.7673
302532.100382,4124016.39853
302532.173326,4124016.04691
302532.254876,4124015.69638
302532.365783,4124015.34868
302532.487388,4124015.01553
302532.639494,4124014.6898
302532.802593,4124014.34716
302532.945807,4124014.0333
302533.099909,4124013.72955
302533.261774,4124013.42246
302533.411436,4124013.13121
302533.568792,4124012.83996
302533.723256,4124012.55785
302533.885212,4124012.27981
302534.046577,4124012.00809
302534.221388,4124011.74825
302534.403514,4124011.4975
302534.58243,4124011.25496
302534.77057,4124011.02091
302534.967403,4124010.79164
302535.158309,4124010.57454
302535.34788,4124010.36358
302535.545548,4124010.15724
302535.753192,4124009.94734
302535.956462,4124009.759
302536.179943,4124009.55575
302536.397572,4124009.34894
302536.602376,4124009.13152
302536.824114,4124008.91074
302537.044886,4124008.68664
302537.256082,4124008.47055
302537.463839,4124008.25287
302537.672888,4124008.04608
302537.883328,4124007.82926
302538.087532,4124007.62406
302538.298551,4124007.40667
302538.51397,4124007.194
302538.739556,4124006.9796
302538.988425,4124006.76132
302539.218482,4124006.51684
302539.503557,4124006.30956
302539.80017,4124006.10218
302540.109876,4124005.91689
302540.440235,4124005.79199
302540.780069,4124005.66113
302541.096707,4124005.51898
302541.41128,4124005.36447
302541.716943,4124005.20851
302542.019087,4124005.04764
302542.312752,4124004.90362
302542.60516,4124004.76278
302542.913023,4124004.63748
302543.206636,4124004.51011
302543.495596,4124004.37361
302543.781429,4124004.24883
302544.064114,4124004.12227
302544.347047,4124004.01255
302544.631358,4124003.90483
302544.90899,4124003.81504
302545.198046,4124003.73922
302545.473026,4124003.65614
302545.756573,4124003.59766
302546.024768,4124003.50291
302546.286389,4124003.42422
302546.551341,4124003.35507
302546.81958,4124003.3062
302547.083811,4124003.30073
302547.348672,4124003.28432
302547.606936,4124003.24531
302547.8652,4124003.20001
302548.127708,4124003.15904
302548.383571,4124003.11232
302548.651607,4124003.06734
302548.93271,4124003.03075
302549.224032,4124003.02612
302549.534793,4124003.0177
302549.844805,4124002.97747
302550.157697,4124002.959
302550.473937,4124002.92566
302550.788359,4124002.8968
302551.090157,4124002.86583
302551.411215,4124002.84236
302551.737739,4124002.81229
302552.072261,4124002.80776
302552.419129,4124002.83124
302552.78052,4124002.80553
302553.139751,4124002.79486
302553.512371,4124002.81255
302553.87778,4124002.80044
302554.240834,4124002.82021
302554.5812,4124002.88178
302554.932938,4124002.89848
302555.271957,4124002.9153
302555.609018,4124002.95585
302555.944049,4124002.97924
302556.276944,4124002.99991
302556.606548,4124003.03157
302556.931716,4124003.05075
302557.260076,4124003.07985
302557.588923,4124003.10449
302557.92241,4124003.12514
302558.261228,4124003.15233
302558.611492,4124003.18184
302558.970214,4124003.21244
302559.341712,4124003.23905
302559.720581,4124003.27084
302560.103334,4124003.29792
302560.478994,4124003.33164
302560.859363,4124003.36433
302561.232179,4124003.39664
302561.593554,4124003.42681
302561.955106,4124003.45827
302562.313433,4124003.49092
302562.664357,4124003.49192
302563.015108,4124003.52956
302563.358671,4124003.55089
302563.696806,4124003.57421
302564.03262,4124003.60573
302564.358149,4124003.62767
302564.689005,4124003.62452
302565.010476,4124003.65008
302565.324203,4124003.66712
302565.639595,4124003.68579
302565.949238,4124003.70534
302566.248693,4124003.68793
302566.545421,4124003.69927
302566.839883,4124003.70863
302567.13331,4124003.71801
302567.416749,4124003.72411
302567.694447,4124003.73146
302567.969627,4124003.73868
302568.249426,4124003.75356
302568.521884,4124003.75825
302568.802366,4124003.77071
302569.097802,4124003.77746
302569.396396,4124003.79264
302569.709131,4124003.79268
302570.044796,4124003.80533
302570.4022,4124003.81764
302570.770206,4124003.82786
302571.158972,4124003.84647
302571.566655,4124003.85798
302572.006157,4124003.87632
302572.437061,4124003.89394
302572.886434,4124003.89799
302573.336929,4124003.84909
302573.774334,4124003.76571
302574.215509,4124003.72943
302574.640991,4124003.69888
302575.069207,4124003.65883
302575.491753,4124003.62299
302575.912325,4124003.59126
302576.321312,4124003.55759
302576.728677,4124003.52414
302577.135685,4124003.44407
302577.53397,4124003.35162
302577.945009,4124003.26682
302578.313454,4124003.18248
302578.69918,4124003.10957
302579.075526,4124003.0341
302579.453294,4124002.96878
302579.831437,4124002.8942
302580.206013,4124002.81267
302580.569591,4124002.75416
302580.94415,4124002.69076
302581.307516,4124002.6169
302581.660088,4124002.55587
302582.006151,4124002.45706
302582.363789,4124002.33467
302582.68422,4124002.22166
302583.020054,4124002.08424
302583.332249,4124001.9544
302583.656668,4124001.79708
302583.942528,4124001.62937
302584.251988,4124001.45241
302584.538891,4124001.27876
302584.786478,4124001.08143
302585.052912,4124000.88032
302585.311124,4124000.68181
302585.536141,4124000.45577
302585.74907,4124000.2252
302585.945874,4123999.98206
302586.147984,4123999.74434
302586.34337,4123999.50383
302586.537869,4123999.25704
302586.710647,4123999.00503
302586.89511,4123998.76551
302587.039757,4123998.5062
302587.18412,4123998.23487
302587.320522,4123997.96466
302587.456663,4123997.69593
302587.572091,4123997.40826
302587.684071,4123997.12492
302587.787358,4123996.81793
302587.878729,4123996.52009
302587.964596,4123996.22719
302588.048457,4123995.93712
302588.111141,4123995.64606
302588.140867,4123995.35004
302588.165383,4123995.05896
302588.178383,4123994.7626
302588.183583,4123994.47419
302588.201545,4123994.16864
302588.242791,4123993.86551
302588.271077,4123993.57748
302588.309856,4123993.27644
302588.341121,4123993.00185
302588.372543,4123992.72763
302588.411484,4123992.4523
302588.442497,4123992.17957
302588.472535,4123991.90945
302588.511454,4123991.63949
302588.545903,4123991.36187
302588.579781,4123991.07889
302588.623396,4123990.78218
302588.657166,4123990.4757
302588.694772,4123990.1499
302588.742365,4123989.80849
302588.791751,4123989.43634
302588.846181,4123989.05221
302588.894814,4123988.64806
302588.928139,4123988.23465
302588.942275,4123987.82298
302588.991856,4123987.40252
302589.023659,4123986.99358
302589.038851,4123986.57023
302589.080853,4123986.17345
302589.110769,4123985.77233
302589.087302,4123985.37209
302589.078233,4123984.98651
302589.102488,4123984.60254
302589.095937,4123984.22337
302589.078893,4123983.84463
302589.092624,4123983.47239
302589.089287,4123983.10406
302589.087385,4123982.74014
302589.047815,4123982.38487
302588.968838,4123982.0335
302588.929289,4123981.67286
302588.901548,4123981.3299
302588.863443,4123980.98663
302588.828244,4123980.65366
302588.79561,4123980.31655
302588.76883,4123979.983
302588.737657,4123979.65141
302588.71589,4123979.31719
302588.685909,4123978.98594
302588.650105,4123978.65242
302588.619959,4123978.30785
302588.591883,4123977.95695
302588.559466,4123977.59134
302588.525884,4123977.20762
302588.491876,4123976.80578
302588.456328,4123976.38251
302588.418162,4123975.95487
302588.380605,4123975.51537
302588.286507,4123975.0746
302588.154033,4123974.6501
302588.053317,4123974.22355
302587.965542,4123973.80633
302587.870274,4123973.39131
302587.79181,4123972.97368
302587.702356,4123972.56685
302587.620217,4123972.16281
302587.535539,4123971.76402
302587.45587,4123971.37065
302587.376788,4123970.97709
302587.297398,4123970.58927
302587.218851,4123970.20587
302587.141708,4123969.82559
302587.065866,4123969.45027
302586.991968,4123969.07583
302586.918683,4123968.70859
302586.84448,4123968.34008
302586.772035,4123967.97707
302586.699745,4123967.61444
302586.622973,4123967.25616
302586.536024,4123966.89924
302586.421306,4123966.55037
302586.308309,4123966.20553
302586.227644,4123965.85789
302586.127833,4123965.51385
302586.038119,4123965.17771
302585.940877,4123964.8486
302585.802919,4123964.53062
302585.700294,4123964.21163
302585.598826,4123963.8915
302585.493474,4123963.58237
302585.380343,4123963.27584
302585.27764,4123962.97239
302585.179281,4123962.67124
302585.079969,4123962.37363
302584.977457,4123962.07832
302584.879737,4123961.78549
302584.781196,4123961.48287
302584.677884,4123961.17869
302584.57518,4123960.86895
302584.467602,4123960.54693
302584.357184,4123960.21109
302584.241417,4123959.8554
302584.115391,4123959.48496
302583.993062,4123959.10814
302583.863971,4123958.71428
302583.734992,4123958.32522
302583.608567,4123957.93147
302583.481763,4123957.54681
302583.355459,4123957.17082
302583.232555,4123956.79476
302583.115166,4123956.42042
302582.990911,4123956.05604
302582.874322,4123955.69685
302582.760951,4123955.3424
302582.60942,4123955.00087
302582.462182,4123954.66572
302582.351947,4123954.32507
302582.215032,4123954.00114
302582.052683,4123953.69651
302581.909015,4123953.38107
302581.78192,4123953.0658
302581.64648,4123952.76053
302581.518954,4123952.4584
302581.391255,4123952.16146
302581.268287,4123951.86441
302581.143127,4123951.57481
302581.019711,4123951.28387
302580.897534,4123950.99532
302580.775674,4123950.70138
302580.644622,4123950.40027
302580.516866,4123950.08834
302580.379221,4123949.7648
302580.238332,4123949.43542
302580.100065,4123949.09802
302579.955275,4123948.76004
302579.813442,4123948.42827
302579.678127,4123948.09691
302579.542004,4123947.77519
302579.410625,4123947.45391
302579.283339,4123947.13679
302579.158514,4123946.82997
302579.040403,4123946.5193
302578.918665,4123946.21796
302578.800202,4123945.91748
302578.681565,4123945.62217
302578.566719,4123945.33085
302578.448656,4123945.0348
302578.337095,4123944.74469
302578.219588,4123944.44085
302578.100103,4123944.13465
302577.974073,4123943.82065
302577.845855,4123943.48912
302577.709467,4123943.14353
302577.572308,4123942.7778
302577.420369,4123942.39372
302577.266037,4123942.0023
302577.108248,4123941.59597
302576.949864,4123941.18947
302576.796563,4123940.78525
302576.635539,4123940.38603
302576.483286,4123939.98864
302576.330846,4123939.59588
302576.176645,4123939.21
302576.001731,4123938.83664
302575.79115,4123938.4941
302575.629435,4123938.12209
302575.458009,4123937.75864
302575.286574,4123937.40741
302575.122967,4123937.04932
302574.960686,4123936.69731
302574.797136,4123936.34793
302574.634229,4123936.00704
302574.476205,4123935.66622
302574.318965,4123935.32723
302574.161594,4123934.98898
302574.001205,4123934.65451
302573.840472,4123934.31172
302573.677582,4123933.96527
302573.51211,4123933.60335
302573.338613,4123933.23366
302573.160442,4123932.8539
302572.978984,4123932.45386
302572.793881,4123932.05613
302572.608182,4123931.65194
302572.422892,4123931.25255
302572.240194,4123930.85643
302572.063132,4123930.4672
302571.882738,4123930.08102
302571.707642,4123929.69989
302571.535158,4123929.32296
302571.36461,4123928.94654
302571.196237,4123928.5745
302571.026211,4123928.20769
302570.863543,4123927.84551
302570.698874,4123927.48635
302570.538002,4123927.12505
302570.379691,4123926.77832
302570.222889,4123926.42655
302570.069984,4123926.08321
302569.913108,4123925.74088
302569.764291,4123925.40151
302569.614551,4123925.06697
302569.468534,4123924.73974
302569.326909,4123924.41056
302569.18224,4123924.09034
302569.039124,4123923.77322
302568.902891,4123923.45946
302568.763371,4123923.15058
302568.631248,4123922.84172
302568.497829,4123922.54066
302568.367072,4123922.23953
302568.237423,4123921.94782
302568.104079,4123921.65619
302567.936214,4123921.38758
302567.758152,4123921.1194
302567.550519,4123920.86449
302567.376223,4123920.59289
302567.211916,4123920.31827
302567.042125,4123920.04952
302566.884719,4123919.779
302566.759932,4123919.49902
302566.634237,4123919.22442
302566.485715,4123918.96683
302566.36082,4123918.70109
302566.245839,4123918.43549
302566.104585,4123918.19124
302565.983559,4123917.93281
302565.854111,4123917.68106
302565.72795,4123917.43072
302565.597367,4123917.17474
302565.464074,4123916.91049
302565.328372,4123916.63817
302565.183721,4123916.35643
302565.03486,4123916.05296
302564.8736,4123915.73812
302564.709841,4123915.40502
302564.530491,4123915.05693
302564.353136,4123914.69306
302564.165906,4123914.31814
302563.977424,4123913.94029
302563.789081,4123913.56206
302563.601246,4123913.1866
302563.418761,4123912.81842
302563.239075,4123912.4498
302563.059912,4123912.09078
302562.884671,4123911.72872
302562.71174,4123911.37678
302562.53863,4123911.02354
302562.369569,4123910.67262
302562.203565,4123910.33217
302562.039583,4123909.98964
302561.872753,4123909.6581
302561.712971,4123909.31806
302561.550564,4123908.98585
302561.387799,4123908.64477
302561.225731,4123908.31441
302561.066589,4123907.97639
302560.895397,4123907.65438
302560.679244,4123907.35804
302560.493854,4123907.05506
302560.323784,4123906.74302
302560.140285,4123906.44498
302559.972042,4123906.14141
302559.801272,4123905.84363
302559.632558,4123905.54525
302559.460284,4123905.2464
302559.28954,4123904.94344
302559.113116,4123904.63803
302558.934732,4123904.3247
302558.75355,4123903.99941
302558.561154,4123903.66273
302558.356864,4123903.31097
302558.153104,4123902.94403
302557.938521,4123902.56975
302557.725472,4123902.19155
302557.510166,4123901.81174
302557.295622,4123901.43284
302557.086835,4123901.05972
302556.882292,4123900.69094
302556.676337,4123900.32497
302556.473551,4123899.96171
302556.274279,4123899.60317
302556.073802,4123899.25002
302555.875522,4123898.8959
302555.681808,4123898.54723
302555.492385,4123898.19863
302555.300002,4123897.84363
302555.106152,4123897.5018
302554.920679,4123897.15127
302554.728426,4123896.80182
302554.534337,4123896.44352
302554.343027,4123896.08387
302554.143351,4123895.72701
302553.946331,4123895.36361
302553.751373,4123895.00608
302553.560059,4123894.65253
302553.374489,4123894.31051
302553.187502,4123893.95853
302553.003951,4123893.62053
302552.827022,4123893.28108
302552.646871,4123892.95558
302552.468212,4123892.62431
302552.298863,4123892.29893
302552.123048,4123891.97537
302551.960727,4123891.65315
302551.834708,4123891.32083
302551.708415,4123890.98944
302551.556022,4123890.6805
302551.423011,4123890.35908
302551.281528,4123890.05487
302551.145012,4123889.75425
302551.008965,4123889.44215
302550.872641,4123889.14338
302550.736368,4123888.82795
302550.591924,4123888.51735
302550.443914,4123888.19979
302550.297961,4123887.86276
302550.142667,4123887.51854
302549.984481,4123887.16459
302549.826908,4123886.81154
302549.673644,4123886.45932
302549.513762,4123886.10245
302549.348644,4123885.73682
302549.191558,4123885.36674
302549.019186,4123884.98832
302548.845353,4123884.59181
302548.669254,4123884.18073
302548.486866,4123883.76647
302548.302531,4123883.33856
302548.120104,4123882.91634
302547.935812,4123882.49657
302547.754734,4123882.08136
302547.58064,4123881.67374
302547.406737,4123881.26169
302547.229742,4123880.85655
302547.059483,4123880.45477
302546.891464,4123880.06016
302546.721792,4123879.66447
302546.550777,4123879.27455
302546.390433,4123878.88549
302546.226311,4123878.493
302546.064441,4123878.11453
302545.907359,4123877.73205
302545.744184,4123877.35471
302545.588672,4123876.98238
302545.437051,4123876.6057
302545.280622,4123876.23838
302545.133407,4123875.87288
302544.980325,4123875.50955
302544.831736,4123875.15482
302544.651241,4123874.81471
302544.500056,4123874.46281
302544.344805,4123874.12045
302544.18988,4123873.78566
302544.035764,4123873.44123
302543.885053,4123873.11578
302543.691877,4123872.80891
302543.51293,4123872.49689
302543.356362,4123872.17399
302543.193187,4123871.86586
302543.036006,4123871.56091
302542.873758,4123871.25442
302542.720907,4123870.95123
302542.563674,4123870.65665
302542.414989,4123870.35447
302542.263378,4123870.05994
302542.108253,4123869.76069
302541.955338,4123869.46101
302541.799782,4123869.14974
302541.639682,4123868.83394
302541.467915,4123868.5064
302541.299396,4123868.16601
302541.125141,4123867.82076
302540.943019,4123867.46811
302540.766489,4123867.11422
302540.584558,4123866.76341
302540.410029,4123866.41281
302540.229481,4123866.07048
302540.058357,4123865.73256
302539.888725,4123865.38887
302539.723319,4123865.05507
302539.551751,4123864.72345
302539.38535,4123864.39133
302539.219527,4123864.06495
302539.058422,4123863.73789
302538.895852,4123863.41772
302538.737187,4123863.09375
302538.577144,4123862.78036
302538.422401,4123862.46592
302538.270372,4123862.15364
302538.111098,4123861.84153
302537.951446,4123861.51963
302537.789841,4123861.19018
302537.624592,4123860.86303
302537.458938,4123860.52498
302537.288971,4123860.17963
302537.11148,4123859.82262
302536.936424,4123859.46222
302536.754388,4123859.0881
302536.562112,4123858.71256
302536.383764,4123858.33169
302536.194522,4123857.95312
302536.01737,4123857.57907
302535.83623,4123857.2053
302535.658091,4123856.83332
302535.48067,4123856.46668
302535.305835,4123856.09683
302535.120355,4123855.72724
302534.938276,4123855.34498
302534.750587,4123854.96322
302534.56569,4123854.56808
302534.364763,4123854.17072
302534.177813,4123853.76379
302533.980452,4123853.3545
302533.780273,4123852.94492
302533.582625,4123852.52343
302533.378862,4123852.10615
302533.182545,4123851.68463
302532.984071,4123851.27204
302532.78734,4123850.86441
302532.59842,4123850.46178
302532.412318,4123850.05945
302532.222371,4123849.66349
302532.034282,4123849.26473
302531.857342,4123848.87458
302531.674288,4123848.48864
302531.496227,4123848.10111
302531.321344,4123847.72294
302531.139708,4123847.34696
302530.962934,4123846.97642
302530.796584,4123846.60249
302530.619023,4123846.24252
302530.456817,4123845.87496
302530.294276,4123845.51834
302530.128235,4123845.16383
302529.961102,4123844.81952
302529.804062,4123844.47035
302529.650954,4123844.12479
302529.501064,4123843.77767
302529.339998,4123843.45228
302529.194943,4123843.11578
302529.0428,4123842.78611
302528.896202,4123842.45946
302528.747725,4123842.14099
302528.602067,4123841.82282
302528.462909,4123841.51061
302528.321447,4123841.20104
302528.185638,4123840.89911
302528.046663,4123840.59466
302527.907711,4123840.29743
302527.781908,4123839.99952
302527.648404,4123839.70124
302527.535495,4123839.39174
302527.396455,4123839.09081
302527.267269,4123838.76856
302527.12532,4123838.44457
302526.988415,4123838.1212
302526.816099,4123837.81439
302526.611459,4123837.52962
302526.401892,4123837.25552
302526.227871,4123836.96429
302526.057916,4123836.67612
302525.880168,4123836.39627
302525.721103,4123836.1182
302525.55113,4123835.83558
302525.388856,4123835.55944
302525.225854,4123835.28387
302525.062144,4123835.00961
302524.894516,4123834.72601
302524.723335,4123834.4423
302524.515459,4123834.17093
302524.28194,4123833.90369
302524.011895,4123833.66227
302523.761942,4123833.3882
302523.526221,4123833.09657
302523.280242,4123832.80908
302523.039386,4123832.52553
302522.811128,4123832.24298
302522.571602,4123831.95941
302522.341722,4123831.67709
302522.109985,4123831.39758
302521.880679,4123831.1208
302521.657092,4123830.84813
302521.430347,4123830.57961
302521.208095,4123830.3071
302520.984089,4123830.03556
302520.785385,4123829.75157
302520.607224,4123829.44787
302520.407963,4123829.17796
302520.212451,4123828.9039
302520.043191,4123828.61385
302519.851732,4123828.34858
302519.670048,4123828.07752
302519.490461,4123827.81381
302519.312152,4123827.54785
302519.13944,4123827.29342
302518.96962,4123827.02985
302518.830545,4123826.7589
302518.674245,4123826.4915
302518.506265,4123826.23066
302518.349295,4123825.95995
302518.177278,4123825.68477
302518.005279,4123825.40405
302517.828683,4123825.11659
302517.658119,4123824.83398
302517.482502,4123824.55038
302517.31887,4123824.26687
302517.150306,4123823.99383
302516.985013,4123823.72146
302516.828325,4123823.45019
302516.663954,4123823.18557
302516.509185,4123822.92035
302516.352841,4123822.66368
302516.193884,4123822.40282
302516.034879,4123822.13992
302515.880148,4123821.87637
302515.71462,4123821.6066
302515.559494,4123821.3388
302515.395875,4123821.06842
302515.234187,4123820.80467
302515.080135,4123820.53851
302514.922852,4123820.27964
302514.770991,4123820.01232
302514.60772,4123819.75045
302514.446954,4123819.48186
302514.281725,4123819.20597
302514.110661,4123818.91468
302513.935143,4123818.61646
302513.748649,4123818.30443
302513.555941,4123817.98608
302513.370073,4123817.66294
302513.174898,4123817.34668
302512.994419,4123817.03247
302512.807403,4123816.72342
302512.624366,4123816.40743
302512.44149,4123816.09828
302512.249521,4123815.7862
302512.069023,4123815.46497
302511.879924,4123815.13654
302511.710142,4123814.79285
302511.509444,4123814.45562
302511.324024,4123814.10749
302511.128536,4123813.76533
302510.943063,4123813.43386
302510.752455,4123813.09158
302510.568143,4123812.75915
302510.38007,4123812.43033
302510.204739,4123812.09602
302510.027033,4123811.77398
302509.851567,4123811.45282
302509.674592,4123811.13668
302509.500113,4123810.81975
302509.331879,4123810.51044
302509.163671,4123810.20224
302508.998603,4123809.89545
302508.834087,4123809.59327
302508.672881,4123809.29342
302508.512001,4123808.99486
302508.350868,4123808.70444
302508.197455,4123808.41514
302508.045646,4123808.13116
302507.889362,4123807.84563
302507.739885,4123807.56641
302507.591603,4123807.28772
302507.446591,4123807.01598
302507.302249,4123806.74756
302507.159926,4123806.48316
302507.015997,4123806.21972
302506.879974,4123805.95906
302506.744217,4123805.70339
302506.609442,4123805.44547
302506.479665,4123805.19873
302506.347021,4123804.95594
302506.219744,4123804.70858
302506.092545,4123804.47084
302505.969743,4123804.23762
302505.846719,4123804.00126
302505.724817,4123803.76858
302505.599714,4123803.5319
302505.474251,4123803.29245
302505.341085,4123803.04005
302505.206954,4123802.77805
302505.063673,4123802.51071
302504.920792,4123802.23523
302504.77645,4123801.95422
302504.629734,4123801.67919
302504.496529,4123801.40625
302504.351826,4123801.14136
302504.218973,4123800.8771
302504.081033,4123800.61667
302503.941379,4123800.34629
302503.800785,4123800.08
302503.659492,4123799.80281
302503.511757,4123799.51596
302503.354956,4123799.221
302503.195467,4123798.90612
302503.025179,4123798.57873
302502.852265,4123798.24659
302502.667249,4123797.91566
302502.433053,4123797.61345
302502.202466,4123797.31375
302502.001064,4123797.00948
302501.802871,4123796.70328
302501.602639,4123796.41101
302501.410082,4123796.11171
302501.218813,4123795.82311
302501.047277,4123795.52443
302500.872376,4123795.2336
302500.692575,4123794.95454
302500.522022,4123794.67248
302500.349587,4123794.39843
302500.182049,4123794.125
302500.02253,4123793.85916
302499.861789,4123793.59797
302499.699473,4123793.33904
302499.543224,4123793.08014
302499.389693,4123792.82989
302499.232792,4123792.57471
302499.081475,4123792.32422
302498.928722,4123792.07561
302498.779788,4123791.8258
302498.633872,4123791.5848
302498.491778,4123791.34907
302498.346823,4123791.1112
302498.203738,4123790.87735
302498.061714,4123790.63829
302497.913054,4123790.39384
302497.763732,4123790.14645
302497.608362,4123789.88716
302497.452587,4123789.62327
302497.292267,4123789.36114
302497.13534,4123789.09857
302496.982017,4123788.83831
302496.827682,4123788.5853
302496.678134,4123788.32829
302496.531461,4123788.08027
302496.383788,4123787.83376
302496.23581,4123787.58689
302496.088863,4123787.33981
302495.942964,4123787.09326
302495.794747,4123786.84251
302495.644021,4123786.58571
302495.484484,4123786.31912
302495.320328,4123786.03858
302495.151702,4123785.75038
302494.975253,4123785.45033
302494.793376,4123785.14597
302494.613795,4123784.83859
302494.435358,4123784.52953
302494.255777,4123784.22844
302494.085137,4123783.93011
302493.911758,4123783.6348
302493.742553,4123783.34087
302493.572496,4123783.04844
302493.409184,4123782.76603
302493.244506,4123782.47589
302493.081512,4123782.1881
302492.916621,4123781.90148
302492.750108,4123781.61507
302492.581221,4123781.32206
302492.407067,4123781.019
302492.232657,4123780.71132
302492.051515,4123780.40046
302491.881818,4123780.09193
302491.712605,4123779.79134
302491.539695,4123779.49713
302491.376905,4123779.20546
302491.20773,4123778.91912
302491.042222,4123778.6251
302490.881802,4123778.33356
302490.713793,4123778.04645
302490.554742,4123777.75025
302490.379084,4123777.4524
302490.222573,4123777.15725
302490.053559,4123776.85888
302489.896687,4123776.57354
302489.733919,4123776.28909
302489.572946,4123776.00551
302489.427003,4123775.73195
302489.264487,4123775.45822
302489.117439,4123775.18801
302488.970556,4123774.91854
302488.822099,4123774.65132
302488.67563,4123774.38684
302488.530479,4123774.12805
302488.39365,4123773.87093
302488.252543,4123773.61427
302488.115232,4123773.36178
302487.978309,4123773.11946
302487.839211,4123772.86646
302487.714551,4123772.62977
302487.590791,4123772.39362
302487.456002,4123772.15402
302487.330407,4123771.9279
302487.206065,4123771.69213
302487.085823,4123771.46718
302486.965738,4123771.24889
302486.850137,4123771.03252
302486.734779,4123770.82022
302486.625579,4123770.61185
302486.515214,4123770.40425
302486.40083,4123770.20192
302486.288129,4123769.98937
302486.171958,4123769.78024
302486.063241,4123769.56723
302485.943995,4123769.35317
302485.830473,4123769.14342
302485.727957,4123768.94248
302485.613164,4123768.73535
302485.508031,4123768.53632
302485.408594,4123768.34049
302485.303643,4123768.14922
302485.204006,4123767.96376
302485.102321,4123767.77926
302485.010695,4123767.60101
