346248.741412,4069677.60176
346248.803509,4069677.66168
346248.856297,4069677.70882
346248.912465,4069677.76182
346248.971038,4069677.82439
346249.019353,4069677.87106
346249.078831,4069677.92603
346249.112778,4069677.95169
346249.166704,4069678.00417
346249.205519,4069678.03566
346249.248656,4069678.07576
346249.302003,4069678.12918
346249.360331,4069678.18639
346249.426035,4069678.24828
346249.498423,4069678.3095
346249.577897,4069678.39223
346249.656909,4069678.4659
346249.746348,4069678.55659
346249.840302,4069678.64183
346249.931705,4069678.73415
346250.01486,4069678.80645
346250.108334,4069678.90632
346250.199254,4069678.99661
346250.290277,4069679.09263
346250.370625,4069679.19088
346250.477013,4069679.29717
346250.56558,4069679.39731
346250.659488,4069679.48829
346250.752582,4069679.59186
346250.85945,4069679.69999
346250.966139,4069679.80646
346251.071081,4069679.90685
346251.174345,4069680.0132
346251.285491,4069680.12754
346251.391657,4069680.22977
346251.497318,4069680.33699
346251.607848,4069680.44191
346251.702083,4069680.55101
346251.807271,4069680.65677
346251.893407,4069680.74585
346251.989846,4069680.84511
346252.08925,4069680.94375
346252.16963,4069681.03553
346252.268769,4069681.11938
346252.362311,4069681.21481
346252.460015,4069681.30165
346252.550497,4069681.40896
346252.6591,4069681.51429
346252.758855,4069681.61589
346252.872776,4069681.73555
346252.964569,4069681.82471
346253.087538,4069681.94273
346253.20093,4069682.05777
346253.314652,4069682.17465
346253.439542,4069682.29189
346253.55033,4069682.41937
346253.671309,4069682.53428
346253.804399,4069682.6523
346253.944799,4069682.77962
346254.061815,4069682.89755
346254.195384,4069683.01741
346254.325432,4069683.13178
346254.457724,4069683.24686
346254.59487,4069683.3587
346254.72003,4069683.4578
346254.851923,4069683.55069
346254.995857,4069683.66758
346255.135112,4069683.75608
346255.26893,4069683.84837
346255.40687,4069683.93819
346255.553379,4069684.02452
346255.689411,4069684.11585
346255.842298,4069684.20928
346255.979329,4069684.29819
346256.137981,4069684.38116
346256.275566,4069684.45951
346256.430895,4069684.53976
346256.583496,4069684.61729
346256.737386,4069684.6837
346256.89977,4069684.76734
346257.064575,4069684.82005
346257.231991,4069684.8938
346257.402965,4069684.97506
346257.564761,4069685.0343
346257.746033,4069685.10891
346257.928034,4069685.16612
346258.100837,4069685.22497
346258.282586,4069685.28477
346258.452257,4069685.30188
346258.648348,4069685.33164
346258.832627,4069685.3914
346259.01311,4069685.42219
346259.20376,4069685.45556
346259.380601,4069685.47421
346259.579033,4069685.52649
346259.765979,4069685.55254
346259.958221,4069685.57516
346260.145399,4069685.60582
346260.334225,4069685.62055
346260.53898,4069685.63555
346260.745363,4069685.66661
346260.936872,4069685.66501
346261.1397,4069685.68041
346261.335839,4069685.6963
346261.535085,4069685.70289
346261.736823,4069685.69908
346261.936441,4069685.69326
346262.135106,4069685.67582
346262.332521,4069685.66339
346262.525263,4069685.63106
346262.712107,4069685.61013
346262.900786,4069685.58361
346263.085352,4069685.55181
346263.260729,4069685.51388
346263.441538,4069685.47178
346263.620853,4069685.43766
346263.799591,4069685.38802
346263.962387,4069685.34569
346264.140233,4069685.29607
346264.304182,4069685.24336
346264.468831,4069685.17991
346264.637538,4069685.12694
346264.815563,4069685.0873
346264.964718,4069685.01469
346265.128089,4069684.93814
346265.287253,4069684.86758
346265.461892,4069684.79692
346265.62433,4069684.74295
346265.798248,4069684.69006
346265.960695,4069684.62832
346266.134542,4069684.57155
346266.30433,4069684.51245
346266.480605,4069684.46655
346266.658707,4069684.40638
346266.833066,4069684.34498
346267.02162,4069684.29497
346267.201934,4069684.23365
346267.380214,4069684.16681
346267.558255,4069684.09499
346267.734528,4069684.02412
346267.914809,4069683.93616
346268.092383,4069683.85491
346268.270657,4069683.76292
346268.443528,4069683.66843
346268.634527,4069683.58065
346268.801456,4069683.47851
346268.983443,4069683.38608
346269.15286,4069683.27335
346269.327592,4069683.17476
346269.492464,4069683.06581
346269.66699,4069682.95576
346269.837786,4069682.84522
346270.007488,4069682.73174
346270.163962,4069682.61924
346270.324565,4069682.50463
346270.479382,4069682.39105
346270.63745,4069682.28444
346270.786858,4069682.15968
346270.938828,4069682.04504
346271.088643,4069681.92637
346271.228103,4069681.78643
346271.382733,4069681.64585
346271.506659,4069681.51932
346271.643836,4069681.38479
346271.768587,4069681.24622
346271.901568,4069681.1101
346272.028795,4069680.96021
346272.166207,4069680.83048
346272.298832,4069680.69936
346272.428195,4069680.56071
346272.549648,4069680.42905
346272.670087,4069680.29889
346272.795064,4069680.16457
346272.915159,4069680.01536
346273.026038,4069679.87502
346273.140515,4069679.7444
346273.252903,4069679.58868
346273.368137,4069679.45047
346273.479578,4069679.31658
346273.600528,4069679.18179
346273.718535,4069679.04057
346273.853362,4069678.91607
346273.976373,4069678.78826
346274.103453,4069678.65502
346274.220361,4069678.52714
346274.344477,4069678.38637
346274.475285,4069678.27007
346274.611632,4069678.13907
346274.73759,4069678.01787
346274.878949,4069677.88419
346275.007573,4069677.75406
346275.139587,4069677.63035
346275.269418,4069677.50113
346275.407977,4069677.36897
346275.535326,4069677.24238
346275.669494,4069677.10606
346275.803944,4069676.98544
346275.930502,4069676.84796
346276.06157,4069676.7213
346276.198397,4069676.59214
346276.333156,4069676.45561
346276.467848,4069676.33185
346276.599844,4069676.19057
346276.735262,4069676.05755
346276.870597,4069675.9199
346277.006749,4069675.78631
346277.130278,4069675.65424
346277.266595,4069675.51325
346277.397194,4069675.36885
346277.536063,4069675.22911
346277.668108,4069675.08227
346277.799677,4069674.9421
346277.935891,4069674.8037
346278.07024,4069674.6609
346278.209496,4069674.51782
346278.33955,4069674.3762
346278.479919,4069674.22885
346278.608493,4069674.08762
346278.748384,4069673.94675
346278.884236,4069673.79652
346279.024331,4069673.65047
346279.153327,4069673.49962
346279.289795,4069673.35881
346279.416377,4069673.20616
346279.5512,4069673.06482
346279.682845,4069672.92891
346279.812979,4069672.7834
346279.944783,4069672.64804
346280.068708,4069672.50487
346280.189589,4069672.37451
346280.318077,4069672.23681
346280.438668,4069672.10682
346280.554048,4069671.97675
346280.671789,4069671.85385
346280.783857,4069671.72994
346280.89652,4069671.60602
346281.015822,4069671.47884
346281.127723,4069671.34569
346281.246615,4069671.22055
346281.365007,4069671.09245
346281.478416,4069670.96038
346281.602842,4069670.82848
346281.718717,4069670.69285
346281.841598,4069670.55784
346281.968463,4069670.4209
346282.084848,4069670.28878
346282.209421,4069670.14855
346282.3269,4069670.01104
346282.444128,4069669.87613
346282.561821,4069669.74231
346282.676807,4069669.60689
346282.792148,4069669.4746
346282.903733,4069669.34866
346283.013119,4069669.22462
346283.119669,4069669.10007
346283.230028,4069668.97212
346283.343966,4069668.84466
346283.462304,4069668.73008
346283.573549,4069668.61007
346283.691163,4069668.4966
346283.786439,4069668.3741
346283.903213,4069668.26361
346283.99815,4069668.14704
346284.104066,4069668.03693
346284.200872,4069667.93327
346284.304957,4069667.82061
346284.404186,4069667.71099
346284.504681,4069667.6056
346284.600531,4069667.49844
346284.69497,4069667.39557
346284.793774,4069667.27893
346284.903202,4069667.16542
346285.000956,4069667.05657
346285.109474,4069666.94216
346285.215721,4069666.82557
346285.326269,4069666.70816
346285.435848,4069666.58652
346285.54455,4069666.46581
346285.660427,4069666.33851
346285.767692,4069666.2206
346285.884365,4069666.09624
346286.001792,4069665.9641
346286.118101,4069665.83605
346286.234017,4069665.71096
346286.346323,4069665.58372
346286.468286,4069665.45556
346286.580848,4069665.34256
346286.694721,4069665.21972
346286.804215,4069665.1016
346286.913453,4069664.97755
346287.029581,4069664.85598
346287.139488,4069664.74431
346287.235582,4069664.6342
346287.344385,4069664.51904
346287.442196,4069664.41333
346287.549012,4069664.30357
346287.65026,4069664.1904
346287.751705,4069664.08814
346287.847084,4069663.97138
346287.9443,4069663.86568
346288.052806,4069663.75885
346288.156048,4069663.64897
346288.258285,4069663.53282
346288.358293,4069663.4169
346288.460173,4069663.30575
346288.566085,4069663.17881
346288.666148,4069663.05771
346288.766076,4069662.92902
346288.85825,4069662.79956
346288.963041,4069662.66819
346289.058372,4069662.53219
346289.15883,4069662.39166
346289.248895,4069662.26075
346289.339887,4069662.11521
346289.435879,4069661.97458
346289.52466,4069661.83019
346289.614418,4069661.68226
346289.701725,4069661.53864
346289.786457,4069661.38433
346289.869511,4069661.23598
346289.955209,4069661.0774
346290.031733,4069660.93009
346290.107022,4069660.76374
346290.186879,4069660.61137
346290.259698,4069660.4484
346290.335087,4069660.28761
346290.407791,4069660.12649
346290.490755,4069659.97314
346290.572522,4069659.81944
346290.64553,4069659.65037
346290.71973,4069659.50624
346290.794193,4069659.34361
346290.884664,4069659.17736
346290.958906,4069659.01899
346291.039388,4069658.84349
346291.127519,4069658.67951
346291.204425,4069658.52035
346291.291713,4069658.33437
346291.367614,4069658.16894
346291.458274,4069657.98012
346291.540428,4069657.82309
346291.628952,4069657.63135
346291.708994,4069657.45623
346291.797968,4069657.26467
346291.884392,4069657.09683
346291.962799,4069656.90527
346292.048849,4069656.72486
346292.133253,4069656.53579
346292.212521,4069656.35069
346292.297239,4069656.179
346292.377498,4069655.99111
346292.463085,4069655.81811
346292.542169,4069655.64763
346292.630231,4069655.4633
346292.710426,4069655.28836
346292.79442,4069655.12611
346292.881076,4069654.9629
346292.957901,4069654.80744
346293.050772,4069654.64226
346293.139243,4069654.48067
346293.221215,4069654.32179
346293.321071,4069654.17258
346293.404183,4069654.0109
346293.495866,4069653.86239
346293.594706,4069653.70635
346293.685576,4069653.55397
346293.775654,4069653.39901
346293.874036,4069653.25057
346293.965006,4069653.11205
346294.062181,4069652.9627
346294.16043,4069652.81518
346294.262123,4069652.66057
346294.367994,4069652.52309
346294.467477,4069652.37795
346294.573701,4069652.23528
346294.688178,4069652.09635
346294.804844,4069651.95497
346294.908622,4069651.81697
346295.033556,4069651.68025
346295.141775,4069651.54087
346295.262485,4069651.40923
346295.385661,4069651.28234
346295.503257,4069651.15131
346295.621405,4069651.02618
346295.735076,4069650.89207
346295.848221,4069650.75353
346295.950902,4069650.62073
346296.066724,4069650.48214
346296.184429,4069650.34888
346296.292507,4069650.22652
346296.415623,4069650.08799
346296.529441,4069649.97034
346296.642424,4069649.83106
346296.75197,4069649.70757
346296.875648,4069649.5755
346296.984975,4069649.4398
346297.102117,4069649.3084
346297.223245,4069649.18341
346297.340612,4069649.05626
346297.460342,4069648.93628
346297.573709,4069648.81013
346297.690312,4069648.67356
346297.808163,4069648.54844
346297.926251,4069648.41166
346298.046795,4069648.27909
346298.157084,4069648.14726
346298.282667,4069648.01349
346298.392871,4069647.88518
346298.511735,4069647.75024
346298.635937,4069647.62241
346298.753055,4069647.48139
346298.875768,4069647.33695
346298.997138,4069647.20067
346299.123349,4069647.06041
346299.241532,4069646.92067
346299.372954,4069646.78883
346299.492396,4069646.64463
346299.61885,4069646.51787
346299.745271,4069646.3728
346299.867271,4069646.24668
346299.994754,4069646.10271
346300.122889,4069645.96186
346300.25377,4069645.81653
346300.3858,4069645.67709
346300.512181,4069645.52981
346300.644793,4069645.38962
346300.776065,4069645.24946
346300.910147,4069645.10833
346301.035277,4069644.96587
346301.167789,4069644.82846
346301.292518,4069644.6886
346301.418448,4069644.54928
346301.54461,4069644.41458
346301.665634,4069644.28385
346301.788112,4069644.14292
346301.913583,4069644.01119
346302.036223,4069643.871
346302.158559,4069643.73877
346302.273814,4069643.60167
346302.402878,4069643.47116
346302.52418,4069643.33932
346302.641832,4069643.20311
346302.760066,4069643.07446
346302.883018,4069642.94333
346303.002435,4069642.81429
346303.124434,4069642.67985
346303.243835,4069642.54989
346303.357229,4069642.4169
346303.480105,4069642.28983
346303.605996,4069642.15661
346303.724817,4069642.01927
346303.836244,4069641.88446
346303.965313,4069641.76246
346304.081804,4069641.62793
346304.214797,4069641.50069
346304.334998,4069641.37386
346304.459445,4069641.24307
346304.578829,4069641.11218
346304.705455,4069640.98672
346304.829086,4069640.84374
346304.951536,4069640.71779
346305.072752,4069640.58114
346305.194725,4069640.45354
346305.322335,4069640.31659
346305.45011,4069640.18056
346305.570094,4069640.05818
346305.68799,4069639.92732
346305.815051,4069639.79297
346305.934009,4069639.6632
346306.054608,4069639.54192
346306.173423,4069639.4042
346306.300661,4069639.27965
346306.41619,4069639.14957
346306.5443,4069639.01557
346306.66659,4069638.88075
346306.793721,4069638.75029
346306.917664,4069638.61636
346307.043144,4069638.47686
346307.16405,4069638.3478
346307.294199,4069638.21136
346307.411101,4069638.08311
346307.52946,4069637.95317
346307.649113,4069637.82894
346307.764273,4069637.70312
346307.879086,4069637.57454
346307.997994,4069637.442
346308.118762,4069637.32182
346308.230513,4069637.19681
346308.336258,4069637.07709
346308.454777,4069636.95602
346308.566822,4069636.82249
346308.68159,4069636.71629
346308.791588,4069636.58484
346308.918966,4069636.46806
346309.037667,4069636.34884
346309.159219,4069636.23086
346309.284816,4069636.10616
346309.412185,4069635.97235
346309.534675,4069635.84863
346309.662724,4069635.7113
346309.79429,4069635.58741
346309.920379,4069635.45696
346310.044911,4069635.32266
346310.174839,4069635.19047
346310.305044,4069635.04885
346310.434869,4069634.91926
346310.563587,4069634.78599
346310.686311,4069634.65875
346310.816159,4069634.52213
346310.943688,4069634.3972
346311.069519,4069634.26065
346311.204657,4069634.12856
346311.328856,4069634.00055
346311.452436,4069633.87125
346311.583261,4069633.74756
346311.703779,4069633.61352
346311.832452,4069633.4943
346311.956271,4069633.36168
346312.079378,4069633.23091
346312.207564,4069633.10116
346312.327267,4069632.97971
346312.449862,4069632.85357
346312.563294,4069632.73094
346312.688571,4069632.60494
346312.803757,4069632.48061
346312.929599,4069632.35294
346313.050281,4069632.22795
346313.169643,4069632.1041
346313.288929,4069631.97599
346313.412199,4069631.85428
346313.532074,4069631.7258
346313.650433,4069631.59586
346313.771518,4069631.46846
346313.897736,4069631.33689
346314.01484,4069631.20328
346314.145178,4069631.07738
346314.267108,4069630.93905
346314.387393,4069630.81684
346314.510524,4069630.68737
346314.631536,4069630.56423
346314.752917,4069630.4285
346314.869014,4069630.3134
346314.992981,4069630.18077
346315.100164,4069630.05824
346315.224056,4069629.938
346315.33999,4069629.81384
346315.455074,4069629.6921
346315.576826,4069629.56043
346315.698295,4069629.43784
346315.822162,4069629.29966
346315.951955,4069629.16822
346316.070463,4069629.03827
346316.19927,4069628.90167
346316.315985,4069628.77953
346316.438834,4069628.65099
346316.559092,4069628.51898
346316.683245,4069628.39671
346316.798974,4069628.2694
346316.919139,4069628.14054
346317.044813,4069628.01176
346317.170129,4069627.87966
346317.288992,4069627.75286
346317.41507,4069627.61353
346317.536433,4069627.48502
346317.654634,4069627.35452
346317.780717,4069627.22371
346317.90439,4069627.09127
346318.0168,4069626.96976
346318.129617,4069626.85434
346318.23912,4069626.72845
346318.349679,4069626.61159
346318.458634,4069626.4883
346318.575338,4069626.3656
346318.678114,4069626.2463
346318.784033,4069626.14451
346318.877297,4069626.02594
346318.983177,4069625.93025
346319.079194,4069625.83235
346319.183685,4069625.73391
346319.281943,4069625.6282
346319.386089,4069625.52718
346319.501512,4069625.41598
346319.614872,4069625.29759
346319.749789,4069625.16976
346319.874061,4069625.03749
346320.009278,4069624.90152
346320.147121,4069624.76253
346320.296608,4069624.62556
346320.44205,4069624.47885
346320.592941,4069624.32891
346320.748122,4069624.16927
346320.889855,4069624.02318
346321.042881,4069623.86784
346321.181323,4069623.71256
346321.337483,4069623.54939
346321.490046,4069623.39312
346321.643044,4069623.22797
346321.795932,4069623.0815
346321.936091,4069622.93064
346322.084511,4069622.77575
346322.226965,4069622.62836
346322.360245,4069622.49223
346322.47651,4069622.36991
346322.594814,4069622.23683
346322.720571,4069622.11267
346322.832892,4069621.99449
346322.946713,4069621.8687
346323.061219,4069621.7479
346323.173403,4069621.6386
346323.278702,4069621.52721
346323.379052,4069621.41368
346323.489827,4069621.30885
346323.599879,4069621.20514
346323.705281,4069621.09948
346323.816928,4069621.00998
346323.919082,4069620.92232
346324.020754,4069620.83263
346324.125123,4069620.73568
346324.225314,4069620.65471
346324.322465,4069620.55364
346324.423421,4069620.47377
346324.529913,4069620.38732
346324.627422,4069620.2979
346324.727101,4069620.21324
346324.824707,4069620.12917
346324.931589,4069620.03958
346325.037841,4069619.95628
346325.141437,4069619.87433
346325.250521,4069619.78303
346325.354644,4069619.7055
346325.462764,4069619.6268
346325.582277,4069619.54437
346325.700718,4069619.4603
346325.820565,4069619.37991
346325.961645,4069619.30505
346326.098284,4069619.22324
346326.236196,4069619.14603
346326.393479,4069619.07014
346326.537644,4069619.00133
346326.686669,4069618.92966
346326.853081,4069618.86489
346327.001787,4069618.80857
346327.151986,4069618.74428
346327.309306,4069618.70353
346327.45305,4069618.65267
346327.602058,4069618.60486
346327.759123,4069618.56652
346327.921873,4069618.52974
346328.061676,4069618.48321
346328.234658,4069618.45272
346328.401662,4069618.41254
346328.576519,4069618.37869
346328.751602,4069618.35741
346328.927371,4069618.32466
346329.118744,4069618.30716
346329.303703,4069618.28885
346329.490839,4069618.284
346329.671196,4069618.27465
346329.859026,4069618.26702
346330.036711,4069618.24977
346330.224707,4069618.25138
346330.40205,4069618.24819
346330.58678,4069618.25023
346330.774716,4069618.24851
346330.956605,4069618.24987
346331.155565,4069618.25702
346331.343489,4069618.26288
346331.535849,4069618.26719
346331.734379,4069618.27527
346331.916749,4069618.28679
346332.107653,4069618.30111
346332.286701,4069618.31824
346332.472217,4069618.34745
346332.6512,4069618.37753
346332.827522,4069618.4169
346333.003931,4069618.45275
346333.183427,4069618.48652
346333.355624,4069618.53651
346333.532571,4069618.56921
346333.711446,4069618.60983
346333.887696,4069618.65345
346334.059802,4069618.70658
346334.230823,4069618.75733
346334.413993,4069618.82987
346334.58587,4069618.8869
346334.760745,4069618.96162
346334.94009,4069619.03663
346335.1079,4069619.11574
346335.287188,4069619.17929
346335.447164,4069619.26963
346335.629502,4069619.32906
346335.792369,4069619.4064
346335.980619,4069619.48828
346336.142093,4069619.55437
346336.318677,4069619.62481
346336.492079,4069619.69216
346336.643013,4069619.75141
346336.818941,4069619.84332
346336.976215,4069619.89931
346337.146147,4069619.97227
346337.319441,4069620.07496
346337.476334,4069620.15112
346337.636838,4069620.23775
346337.807767,4069620.32475
346337.954514,4069620.40775
346338.115454,4069620.49383
346338.266964,4069620.59339
346338.431061,4069620.67293
346338.569534,4069620.76755
346338.726988,4069620.86663
346338.868559,4069620.96803
346339.015962,4069621.06267
346339.156794,4069621.1726
346339.272185,4069621.2582
346339.414096,4069621.37846
346339.527462,4069621.48389
346339.66102,4069621.58654
346339.78201,4069621.68554
346339.90559,4069621.79615
346340.02259,4069621.90502
346340.132009,4069622.00608
346340.270054,4069622.11828
346340.3819,4069622.22188
346340.499794,4069622.33906
346340.609749,4069622.4451
346340.73736,4069622.5647
346340.856523,4069622.67798
346340.973233,4069622.78723
346341.094378,4069622.88659
346341.229125,4069623.01401
346341.347941,4069623.12452
346341.465272,4069623.23524
346341.585036,4069623.34055
346341.718064,4069623.43859
346341.829378,4069623.54572
346341.949409,4069623.64104
346342.058136,4069623.73674
346342.160476,4069623.83312
346342.267667,4069623.91794
346342.378955,4069624.02359
346342.484822,4069624.11749
346342.581318,4069624.20343
346342.693106,4069624.29557
346342.789937,4069624.38354
346342.891935,4069624.46919
346342.981127,4069624.5462
346343.078711,4069624.62638
346343.17284,4069624.7131
346343.249635,4069624.79588
346343.341031,4069624.86304
346343.423915,4069624.93683
346343.511881,4069625.02015
346343.594578,4069625.07526
346343.677433,4069625.16403
346343.768667,4069625.22213
346343.843963,4069625.29606
346343.922941,4069625.35956
346344.00238,4069625.44044
346344.094636,4069625.50574
346344.18411,4069625.59014
346344.264637,4069625.67359
346344.380178,4069625.76751
346344.489171,4069625.86969
346344.596601,4069625.9595
346344.708466,4069626.05588
346344.831269,4069626.17298
346344.930834,4069626.26404
346345.027486,4069626.37513
346345.138321,4069626.46395
346345.246613,4069626.56855
346345.356899,4069626.65165
346345.445883,4069626.75844
346345.564327,4069626.85656
346345.654961,4069626.93927
346345.761629,4069627.06942
346345.881724,4069627.17657
346345.977131,4069627.2764
346346.086011,4069627.38061
346346.191327,4069627.46047
346346.308059,4069627.58748
346346.43807,4069627.70814
346346.539679,4069627.80527
346346.648853,4069627.90929
346346.756136,4069628.00743
346346.857619,4069628.10585
346346.958256,4069628.19856
346347.05928,4069628.30458
346347.158161,4069628.39066
346347.263122,4069628.49217
346347.373242,4069628.59081
346347.476458,4069628.69457
346347.604013,4069628.78623
346347.708404,4069628.89737
346347.830589,4069629.01318
346347.952746,4069629.11086
346348.079994,4069629.23509
346348.204996,4069629.35029
346348.336386,4069629.46483
346348.459822,4069629.59227
346348.585431,4069629.69988
346348.718355,4069629.81698
346348.849663,4069629.94354
346348.986601,4069630.06037
346349.11759,4069630.17751
346349.248114,4069630.29354
346349.374286,4069630.40761
346349.49957,4069630.53021
346349.639045,4069630.63923
346349.765442,4069630.78234
346349.913312,4069630.88641
346350.033929,4069630.99781
346350.164172,4069631.11477
346350.291912,4069631.24157
346350.424257,4069631.35128
346350.555884,4069631.46248
346350.690495,4069631.59065
346350.822972,4069631.70775
346350.947048,4069631.82112
346351.072013,4069631.92597
346351.18458,4069632.03659
346351.304748,4069632.14781
346351.432696,4069632.26962
346351.543384,4069632.36677
346351.665885,4069632.47536
346351.779978,4069632.57153
346351.879529,4069632.68664
346352.016992,4069632.79958
346352.132936,4069632.89941
346352.241335,4069633.01824
346352.340894,4069633.10894
346352.448227,4069633.22649
346352.551056,4069633.32527
346352.659509,4069633.42227
346352.77211,4069633.54306
346352.881935,4069633.64189
346352.991886,4069633.74775
346353.092266,4069633.851
346353.19699,4069633.95585
346353.313673,4069634.06362
346353.425693,4069634.1687
346353.542635,4069634.28257
346353.672854,4069634.39823
346353.814066,4069634.51278
346353.941115,4069634.63423
346354.087532,4069634.76514
346354.217996,4069634.88617
346354.368633,4069635.01996
346354.495624,4069635.15474
346354.64833,4069635.28776
346354.776204,4069635.43028
346354.907595,4069635.55314
346355.022845,4069635.68887
346355.157593,4069635.82461
346355.280568,4069635.943
346355.411066,4069636.0742
346355.532371,4069636.18244
346355.658836,4069636.31278
346355.77454,4069636.42409
346355.893393,4069636.54495
346356.007918,4069636.66515
346356.12353,4069636.7796
346356.247111,4069636.89853
346356.369343,4069637.01693
346356.471108,4069637.12275
346356.577478,4069637.22812
346356.694634,4069637.33736
346356.807859,4069637.45148
346356.927715,4069637.55364
346357.047184,4069637.68393
346357.156477,4069637.79461
346357.276266,4069637.91786
346357.386828,4069638.01631
346357.500646,4069638.13856
346357.611918,4069638.25993
346357.72162,4069638.36024
346357.844059,4069638.47364
346357.963011,4069638.59173
346358.055843,4069638.69734
346358.179468,4069638.80221
346358.284635,4069638.90686
346358.402118,4069639.01776
346358.521073,4069639.13603
346358.554048,4069639.19037
346358.670276,4069639.31424
346358.78193,4069639.42377
346358.907136,4069639.52547
346359.011467,4069639.6416
346359.127575,4069639.75881
346359.248067,4069639.87151
346359.363173,4069639.98264
346359.48639,4069640.09788
346359.590916,4069640.20827
346359.709001,4069640.32785
346359.823188,4069640.43752
346359.937235,4069640.53942
346360.057983,4069640.66635
346360.181233,4069640.79176
346360.307505,4069640.91138
346360.43494,4069641.0295
346360.558376,4069641.15694
346360.682291,4069641.2779
346360.822579,4069641.41558
346360.929614,4069641.5165
346361.061934,4069641.65802
346361.180638,4069641.77056
346361.301147,4069641.89251
346361.431922,4069642.01427
346361.550607,4069642.11756
346361.685924,4069642.22703
346361.807966,4069642.34322
346361.937522,4069642.47166
346362.050926,4069642.58744
346362.172954,4069642.69456
346362.294141,4069642.81279
346362.415842,4069642.91825
346362.531685,4069643.029
346362.663226,4069643.14371
346362.774844,4069643.25953
346362.88987,4069643.36622
346363.012908,4069643.4798
346363.141605,4069643.58532
346363.272603,4069643.69468
346363.411283,4069643.81741
346363.538633,4069643.93904
346363.657234,4069644.02107
346363.784811,4069644.13882
346363.907327,4069644.26479
346364.00505,4069644.37753
346364.139215,4069644.48092
346364.254859,4069644.58889
346364.376154,4069644.69658
346364.504891,4069644.81264
346364.627559,4069644.93048
346364.734947,4069645.03453
346364.863959,4069645.14929
346364.983504,4069645.25072
346365.104251,4069645.36933
346365.232428,4069645.49558
346365.365269,4069645.61638
346365.490426,4069645.73195
346365.617181,4069645.86192
346365.748685,4069645.9746
346365.871803,4069646.09262
346365.999577,4069646.19649
346366.129102,4069646.32326
346366.256805,4069646.43972
346366.387453,4069646.54613
346366.51394,4069646.67776
346366.637731,4069646.78356
346366.767401,4069646.90182
346366.889558,4069647.00783
346367.01424,4069647.13007
346367.13111,4069647.23173
346367.262059,4069647.34665
346367.385772,4069647.46465
346367.510958,4069647.57356
346367.629853,4069647.68851
346367.761758,4069647.80692
346367.878347,4069647.90951
346368.005105,4069648.03134
346368.127126,4069648.13809
346368.251653,4069648.25996
346368.374386,4069648.37317
346368.496149,4069648.47383
346368.608386,4069648.59925
346368.727881,4069648.6979
346368.853007,4069648.80349
346368.96639,4069648.90984
346369.091347,4069649.01432
346369.198101,4069649.11616
346369.30199,4069649.2077
346369.41621,4069649.31922
346369.523976,4069649.40292
346369.630574,4069649.5044
346369.725137,4069649.59869
346369.833188,4069649.68997
346369.932178,4069649.78215
346370.033537,4069649.86541
346370.130847,4069649.96354
346370.229482,4069650.04427
346370.330237,4069650.14363
346370.432049,4069650.22725
346370.529432,4069650.32113
346370.634665,4069650.42115
346370.734291,4069650.5074
346370.833624,4069650.59384
346370.934931,4069650.68247
346371.030194,4069650.77435
346371.119703,4069650.85246
346371.21925,4069650.92595
346371.311911,4069651.02213
346371.409839,4069651.1049
346371.497659,4069651.1884
346371.594178,4069651.27564
346371.68949,4069651.35364
346371.782898,4069651.44167
346371.882637,4069651.52588
346371.974593,4069651.60765
346372.065932,4069651.69646
346372.142038,4069651.78239
346372.221695,4069651.89194
346372.297826,4069651.98749
346372.368092,4069652.07963
346372.447769,4069652.19861
346372.496744,4069652.29854
346372.542556,4069652.41295
346372.582123,4069652.53598
346372.619424,4069652.64055
346372.641864,4069652.74632
346372.66508,4069652.8456
346372.684937,4069652.94013
346372.706464,4069653.07791
346372.708354,4069653.15815
346372.724332,4069653.25219
346372.73371,4069653.39297
346372.736564,4069653.50205
346372.735724,4069653.59602
346372.731769,4069653.7154
346372.712763,4069653.75921
346372.6946,4069653.86644
346372.678726,4069653.9851
346372.654453,4069654.11668
346372.612602,4069654.23082
346372.594586,4069654.3793
346372.554101,4069654.50321
346372.525344,4069654.63376
346372.476247,4069654.78354
346372.426367,4069654.91465
346372.359231,4069655.06272
346372.282053,4069655.23169
346372.211883,4069655.36834
346372.129372,4069655.49727
346372.041254,4069655.61242
346371.931987,4069655.75145
346371.829156,4069655.91736
346371.721128,4069656.0177
346371.606853,4069656.11002
346371.455864,4069656.23796
346371.302057,4069656.35818
346371.153492,4069656.45537
346371.025631,4069656.53701
346370.868314,4069656.63584
346370.73201,4069656.66178
346370.587358,4069656.71173
346370.427768,4069656.76695
346370.26797,4069656.81884
346370.101074,4069656.86494
346369.936871,4069656.8788
346369.775732,4069656.90575
346369.617463,4069656.91026
346369.480523,4069656.91734
346369.333918,4069656.92498
346369.175418,4069656.92487
346369.024286,4069656.92074
346368.875816,4069656.92397
346368.714697,4069656.91891
346368.555508,4069656.88052
346368.407631,4069656.85877
346368.258203,4069656.80042
346368.099737,4069656.75259
346367.94878,4069656.68372
346367.809044,4069656.60984
346367.635922,4069656.52491
346367.48946,4069656.44117
346367.333123,4069656.36278
346367.193328,4069656.26079
346367.040285,4069656.15034
346366.899172,4069656.03302
346366.778901,4069655.90775
346366.645506,4069655.77272
346366.521668,4069655.6229
346366.399561,4069655.48656
346366.250965,4069655.32554
346366.129449,4069655.21378
346366.052753,4069655.06201
346365.948022,4069654.91537
346365.822518,4069654.76392
346365.698562,4069654.59099
346365.570781,4069654.42053
346365.460218,4069654.24754
346365.32611,4069654.0894
346365.204855,4069653.9425
346365.09302,4069653.83945
346364.981429,4069653.73344
346364.863579,4069653.55244
346364.735447,4069653.41214
346364.60009,4069653.25902
346364.479859,4069653.11117
346364.358818,4069652.95965
346364.227126,4069652.81996
346364.116276,4069652.65586
346363.991807,4069652.51234
346363.869875,4069652.37748
346363.773529,4069652.24196
346363.680758,4069652.08179
346363.584892,4069651.94812
346363.48799,4069651.80651
346363.415135,4069651.64487
346363.305647,4069651.4985
346363.234007,4069651.35477
346363.138078,4069651.21759
346363.059633,4069651.10099
346362.966151,4069650.93435
346362.885835,4069650.7882
346362.790228,4069650.63584
346362.710586,4069650.51057
346362.618415,4069650.33411
346362.552822,4069650.15421
346362.459903,4069650.00236
346362.385408,4069649.83223
346362.304389,4069649.66352
346362.208723,4069649.48305
346362.13399,4069649.32459
346362.063734,4069649.15846
346361.971973,4069649.02139
346361.906255,4069648.8511
346361.83912,4069648.68473
346361.746747,4069648.51364
346361.672808,4069648.34961
346361.603329,4069648.19364
346361.531838,4069648.0168
346361.464146,4069647.84434
346361.396029,4069647.68131
346361.322276,4069647.53596
346361.255469,4069647.37957
346361.200126,4069647.1821
346361.132285,4069647.00132
346361.043171,4069646.85421
346360.984705,4069646.66512
346360.898273,4069646.50982
346360.834418,4069646.36041
346360.765679,4069646.19591
346360.714233,4069646.0165
346360.63207,4069645.87518
346360.579551,4069645.71058
346360.510038,4069645.54444
346360.453087,4069645.39823
346360.396225,4069645.24037
346360.346097,4069645.05982
346360.277156,4069644.89237
346360.223143,4069644.72743
346360.169781,4069644.56562
346360.101149,4069644.41537
346360.04116,4069644.2657
346359.990801,4069644.11364
346359.935466,4069643.95797
346359.863099,4069643.7904
346359.819726,4069643.63784
346359.732867,4069643.48367
346359.659372,4069643.3692
346359.577847,4069643.22195
346359.52824,4069643.05379
346359.465474,4069642.90695
346359.379545,4069642.76311
346359.30493,4069642.62776
346359.226659,4069642.46289
346359.160314,4069642.3322
346359.093822,4069642.18505
346359.008957,4069642.06728
346358.91613,4069641.94539
346358.828419,4069641.80177
346358.745192,4069641.6675
346358.652489,4069641.56078
346358.561809,4069641.41758
346358.472244,4069641.27844
346358.382824,4069641.17221
346358.284233,4069641.036
346358.197753,4069640.9029
346358.096513,4069640.79319
346357.995921,4069640.65331
346357.888618,4069640.53742
346357.791665,4069640.41783
346357.685336,4069640.29822
346357.584332,4069640.20163
346357.479198,4069640.09051
346357.36445,4069639.99103
346357.265856,4069639.88774
346357.155624,4069639.78281
346357.048338,4069639.67617
346356.934909,4069639.57555
346356.842436,4069639.48159
346356.745235,4069639.38956
346356.645166,4069639.28704
346356.548589,4069639.18834
346356.458878,4069639.08249
346356.350462,4069638.97919
346356.273061,4069638.88755
346356.179678,4069638.79268
346356.10003,4069638.70015
346356.016836,4069638.60084
346355.918844,4069638.49791
346355.82284,4069638.40623
346355.739425,4069638.31118
346355.655538,4069638.22298
346355.558711,4069638.1352
346355.470755,4069638.05243
346355.383136,4069637.97188
346355.290861,4069637.87237
346355.220201,4069637.80798
346355.114979,4069637.71683
346355.032184,4069637.63139
346354.950913,4069637.54795
346354.877554,4069637.46585
346354.789036,4069637.38495
346354.693131,4069637.29881
346354.609784,4069637.21578
346354.5243,4069637.12983
346354.42336,4069637.03676
346354.321669,4069636.94333
346354.211975,4069636.83525
346354.113078,4069636.73992
346354.016001,4069636.63828
346353.907704,4069636.54164
346353.795492,4069636.43416
346353.68506,4069636.31813
346353.569154,4069636.2122
346353.455785,4069636.10659
346353.352572,4069636.00301
346353.232023,4069635.88718
346353.136668,4069635.80677
346353.034638,4069635.69448
346352.912792,4069635.59753
346352.817983,4069635.48955
346352.696498,4069635.39611
346352.590485,4069635.30239
346352.511562,4069635.19227
346352.402564,4069635.09805
346352.300666,4069635.00962
346352.183673,4069634.90944
346352.092389,4069634.80713
346351.967365,4069634.70728
346351.865465,4069634.6022
346351.743336,4069634.48953
346351.640745,4069634.38743
346351.517704,4069634.28199
346351.42325,4069634.18548
346351.297888,4069634.09987
346351.211062,4069633.98065
346351.109467,4069633.89259
346351.008974,4069633.80783
346350.913427,4069633.70023
346350.812495,4069633.62418
346350.712123,4069633.52962
346350.612246,4069633.45428
346350.528207,4069633.3659
346350.433695,4069633.29103
346350.348687,4069633.19841
346350.279396,4069633.12733
346350.173801,4069633.04859
346350.10368,4069632.98104
346350.013075,4069632.91645
346349.939118,4069632.8425
346349.866917,4069632.77518
346349.784863,4069632.69786
346349.704886,4069632.62846
346349.634616,4069632.56091
346349.5427,4069632.48969
346349.439742,4069632.41682
346349.35431,4069632.31718
346349.25625,4069632.23534
346349.171061,4069632.1492
346349.066252,4069632.05619
346348.976047,4069631.97255
346348.87552,4069631.87762
346348.776714,4069631.80393
346348.670081,4069631.71707
346348.584977,4069631.62741
346348.492993,4069631.53584
346348.387229,4069631.44766
346348.309948,4069631.36268
346348.220593,4069631.27661
346348.10293,4069631.18051
346348.006838,4069631.0757
346347.921259,4069630.99271
346347.803111,4069630.88626
346347.709962,4069630.77954
346347.588851,4069630.69035
346347.472147,4069630.57315
346347.355998,4069630.4785
346347.234134,4069630.3723
346347.137508,4069630.24604
346347.029168,4069630.15532
346346.918622,4069630.04948
346346.79331,4069629.94186
346346.691423,4069629.83753
346346.583112,4069629.74015
346346.466085,4069629.62979
346346.35809,4069629.51687
346346.245682,4069629.40681
346346.115345,4069629.30945
346346.01359,4069629.20419
346345.906931,4069629.09106
346345.781852,4069628.99639
346345.675077,4069628.88511
346345.566467,4069628.79588
346345.441258,4069628.66921
346345.314306,4069628.56144
346345.201203,4069628.44583
346345.087615,4069628.33634
346344.965479,4069628.22331
346344.83744,4069628.12129
346344.733138,4069628.00682
346344.602429,4069627.88876
346344.481136,4069627.76461
346344.348924,4069627.6623
346344.234618,4069627.54598
346344.104387,4069627.42143
346343.977171,4069627.31552
346343.853398,4069627.19419
346343.731541,4069627.08836
346343.607867,4069626.96425
346343.481654,4069626.83964
346343.349061,4069626.72438
346343.206906,4069626.60708
346343.096285,4069626.48052
346342.964265,4069626.37229
346342.855587,4069626.24625
346342.72962,4069626.13531
346342.600131,4069626.0189
346342.486806,4069625.89923
346342.363585,4069625.80027
346342.256852,4069625.68307
346342.115376,4069625.57038
346342.00137,4069625.45424
346341.873,4069625.35038
346341.758808,4069625.22388
346341.631254,4069625.11575
346341.494386,4069625.0028
346341.369879,4069624.88203
346341.240911,4069624.778
346341.110373,4069624.65291
346340.988055,4069624.5297
346340.85233,4069624.41413
346340.717042,4069624.28968
346340.594099,4069624.17314
346340.464067,4069624.04305
346340.328799,4069623.92803
346340.201833,4069623.81119
346340.071724,4069623.67685
346339.934767,4069623.56722
346339.793177,4069623.44824
346339.662526,4069623.31687
346339.531984,4069623.20805
346339.40676,4069623.08878
346339.275823,4069622.97461
346339.164194,4069622.85824
346339.034891,4069622.75217
346338.917781,4069622.6372
346338.789444,4069622.53519
346338.664731,4069622.43607
346338.530148,4069622.32603
346338.40711,4069622.23724
346338.271723,4069622.12389
346338.137507,4069622.01773
346337.987779,4069621.90963
346337.818424,4069621.79429
346337.656952,4069621.68696
346337.485909,4069621.57702
346337.306594,4069621.47056
346337.11591,4069621.37744
346336.920673,4069621.27941
346336.733938,4069621.19065
346336.543155,4069621.10031
346336.345092,4069621.03543
346336.146907,4069620.98037
346335.964882,4069620.92186
346335.784701,4069620.87479
346335.608415,4069620.83746
346335.427754,4069620.79687
346335.233924,4069620.77705
346335.052433,4069620.75645
346334.880631,4069620.72847
346334.69527,4069620.72441
346334.511048,4069620.70922
346334.313952,4069620.72294
346334.136576,4069620.72428
346333.96263,4069620.74258
346333.804657,4069620.76355
346333.621663,4069620.76702
346333.419508,4069620.77251
346333.24908,4069620.7961
346333.059779,4069620.82947
346332.897168,4069620.85737
346332.728245,4069620.88186
346332.550043,4069620.92003
346332.379643,4069620.96175
346332.194766,4069621.00114
346332.040191,4069621.04554
346331.850314,4069621.10482
346331.684027,4069621.14351
346331.520114,4069621.20657
346331.34951,4069621.25347
346331.184707,4069621.31674
346331.009937,4069621.38018
346330.847351,4069621.43434
346330.677944,4069621.50638
346330.506642,4069621.57235
346330.338904,4069621.64621
346330.17101,4069621.73616
346330.009084,4069621.81047
346329.852165,4069621.89005
346329.675643,4069621.9637
346329.490585,4069622.04268
346329.310584,4069622.10492
346329.137522,4069622.16408
346328.958903,4069622.2287
346328.791413,4069622.29978
346328.614084,4069622.36993
346328.442062,4069622.44553
346328.277377,4069622.52359
346328.10484,4069622.61196
346327.942891,4069622.70976
346327.773152,4069622.79642
346327.614601,4069622.89286
346327.45901,4069622.98833
346327.29936,4069623.07332
346327.139868,4069623.17533
346326.988817,4069623.27497
346326.832981,4069623.3734
346326.684548,4069623.47799
346326.52915,4069623.58418
346326.376833,4069623.69623
346326.228426,4069623.81876
346326.083591,4069623.93308
346325.947515,4069624.05446
346325.819047,4069624.17682
346325.689815,4069624.28975
346325.56727,4069624.40219
346325.445666,4069624.52553
346325.336043,4069624.64477
346325.226401,4069624.77123
346325.118686,4069624.89728
346325.007831,4069625.03078
346324.904144,4069625.16564
346324.800986,4069625.29678
346324.697247,4069625.437
346324.580602,4069625.56303
346324.475216,4069625.70272
346324.364748,4069625.83289
346324.258459,4069625.96372
346324.164278,4069626.10581
346324.058691,4069626.25087
346323.951125,4069626.37691
346323.835167,4069626.49146
346323.715252,4069626.6094
346323.594542,4069626.71627
346323.459005,4069626.83449
346323.339866,4069626.94595
346323.214996,4069627.07804
346323.108179,4069627.1878
346323.0035,4069627.29234
346322.887265,4069627.41632
346322.774779,4069627.53358
346322.65195,4069627.64676
346322.52521,4069627.75762
346322.426888,4069627.87628
346322.312808,4069627.99597
346322.211125,4069628.10157
346322.302287,4069628.32947
346322.204259,4069628.44795
346322.090744,4069628.56596
346321.977577,4069628.68675
346321.868008,4069628.80894
346321.748841,4069628.94371
346321.625641,4069629.07762
346321.50313,4069629.2167
346321.3316,4069629.37756
346321.180921,4069629.53101
346321.039298,4069629.6832
346320.88283,4069629.8375
346320.726142,4069629.99606
346320.553216,4069630.17859
346320.409931,4069630.34597
346320.242754,4069630.52543
346320.097837,4069630.69303
346319.941113,4069630.8662
346319.777299,4069631.0506
346319.602702,4069631.22298
346319.451642,4069631.39661
346319.289794,4069631.56617
346319.147071,4069631.73169
346319.002946,4069631.8854
346318.87619,4069632.02844
346318.770726,4069632.14724
346318.678901,4069632.24655
346318.589679,4069632.34988
346318.501791,4069632.44469
346318.412952,4069632.5445
346318.325622,4069632.62894
346318.24644,4069632.72784
346318.167789,4069632.81489
346318.075954,4069632.90533
346317.993533,4069632.98968
346317.914705,4069633.08339
346317.822453,4069633.1755
346317.743947,4069633.26236
346317.660172,4069633.35413
346317.58123,4069633.44156
346317.509851,4069633.5357
346317.441479,4069633.62331
346317.364613,4069633.71033
346317.280974,4069633.80136
346317.205196,4069633.89095
346317.122826,4069633.97807
346317.039953,4069634.07038
346316.949864,4069634.16689
346316.875151,4069634.25775
346316.778123,4069634.35735
346316.69018,4069634.45733
346316.583215,4069634.57541
346316.488733,4069634.68421
346316.384462,4069634.79484
346316.271799,4069634.9023
346316.189153,4069635.00718
346316.070467,4069635.119
346315.978393,4069635.22923
346315.872285,4069635.3288
346315.779029,4069635.43128
346315.690945,4069635.53996
346315.590958,4069635.64053
346315.503435,4069635.74735
346315.416491,4069635.85324
346315.309634,4069635.96077
346315.199241,4069636.07855
346315.092831,4069636.1944
346314.986131,4069636.31063
346314.876233,4069636.42285
346314.751356,4069636.54624
346314.630089,4069636.6718
346314.504585,4069636.80168
346314.402837,4069636.94501
346314.285831,4069637.06753
346314.172819,4069637.20514
346314.052403,4069637.34492
346313.940179,4069637.46846
346313.8075,4069637.59662
346313.70336,4069637.72279
346313.593792,4069637.83685
346313.473951,4069637.96719
346313.358092,4069638.07896
346313.245206,4069638.19049
346313.135215,4069638.30585
346313.021468,4069638.41092
346312.914879,4069638.51679
346312.812769,4069638.61518
346312.705191,4069638.7157
346312.616257,4069638.8268
346312.526115,4069638.92867
346312.42445,4069639.01041
346312.328859,4069639.1072
346312.238983,4069639.21554
346312.157399,4069639.29673
346312.068914,4069639.39968
346311.982466,4069639.47522
346311.887971,4069639.58328
346311.791065,4069639.6566
346311.71071,4069639.75645
346311.611348,4069639.83389
346311.535459,4069639.92552
346311.447373,4069640.01755
346311.36715,4069640.09168
346311.290864,4069640.18609
346311.205633,4069640.26309
346311.111401,4069640.36097
346311.009759,4069640.444
346310.930457,4069640.53624
346310.831216,4069640.62866
346310.742697,4069640.72144
346310.653974,4069640.8194
346310.568612,4069640.91398
346310.468031,4069640.99809
346310.386753,4069641.08797
346310.282033,4069641.17364
346310.193242,4069641.25958
346310.089276,4069641.35412
346310.013764,4069641.45018
346309.923913,4069641.54336
346309.819789,4069641.63734
346309.752265,4069641.73899
346309.648744,4069641.84166
346309.545242,4069641.94544
346309.446354,4069642.05746
346309.332448,4069642.16198
346309.222974,4069642.28122
346309.10823,4069642.39703
346308.995622,4069642.51577
346308.87579,4069642.63834
346308.766457,4069642.74888
346308.646169,4069642.8709
346308.537656,4069642.97736
346308.425098,4069643.09887
346308.324919,4069643.20537
346308.215882,4069643.32404
346308.112291,4069643.43115
346307.996515,4069643.53922
346307.894833,4069643.65313
346307.780517,4069643.7597
346307.679293,4069643.88249
346307.570251,4069643.99265
346307.467018,4069644.10308
346307.352353,4069644.21502
346307.260764,4069644.31913
346307.141828,4069644.44187
346307.028941,4069644.5534
346306.921243,4069644.67205
346306.792332,4069644.7946
346306.675026,4069644.90861
346306.553536,4069645.04656
346306.427674,4069645.17312
346306.319296,4069645.30362
346306.177545,4069645.43213
346306.054117,4069645.56161
346305.948949,4069645.68854
346305.821887,4069645.81457
346305.708274,4069645.93536
346305.598324,4069646.05294
346305.475311,4069646.17242
346305.379637,4069646.28938
346305.267152,4069646.41496
346305.16309,4069646.52892
346305.04977,4069646.63287
346304.927743,4069646.73273
346304.819209,4069646.82975
346304.70962,4069646.91773
346304.605215,4069647.01265
346304.48773,4069647.10022
346304.373703,4069647.18143
346304.28181,4069647.2604
346304.162894,4069647.35114
346304.04608,4069647.43463
346303.933212,4069647.50583
346303.814757,4069647.58084
346303.700417,4069647.64468
346303.579443,4069647.72028
346303.477548,4069647.78926
346303.351614,4069647.86218
346303.223757,4069647.94402
346303.089648,4069648.01746
346302.960114,4069648.0971
346302.819181,4069648.17177
346302.677054,4069648.24628
346302.524212,4069648.32912
346302.375811,4069648.41059
346302.228077,4069648.463
346302.082992,4069648.54681
346301.930355,4069648.62447
346301.78903,4069648.68564
346301.642187,4069648.74618
346301.495433,4069648.80339
346301.352253,4069648.86903
346301.196558,4069648.91734
346301.051007,4069648.97526
346300.896027,4069649.03021
346300.739291,4069649.08685
346300.587954,4069649.13748
346300.42595,4069649.18257
346300.258915,4069649.22923
346300.104096,4069649.28491
346299.944785,4069649.33901
346299.783644,4069649.38242
346299.632175,4069649.4423
346299.477731,4069649.50223
346299.329588,4069649.55669
346299.182264,4069649.60706
346299.02936,4069649.6616
346298.887975,4069649.71945
346298.730247,4069649.77056
346298.583798,4069649.83646
346298.435695,4069649.89313
346298.289999,4069649.95956
346298.141538,4069650.0377
346297.989917,4069650.0974
346297.84867,4069650.17115
346297.700937,4069650.23189
346297.568178,4069650.2894
346297.421125,4069650.36307
346297.294934,4069650.44654
346297.148542,4069650.51558
346297.012449,4069650.5946
346296.880181,4069650.67115
346296.747214,4069650.75844
346296.608633,4069650.84805
346296.469914,4069650.92176
346296.337297,4069651.00368
346296.193773,4069651.09153
346296.055439,4069651.17837
346295.916829,4069651.27464
346295.766009,4069651.37057
346295.625779,4069651.4678
346295.479135,4069651.56421
346295.340114,4069651.6542
346295.201092,4069651.76066
346295.056562,4069651.86702
346294.914201,4069651.97816
346294.775292,4069652.0909
346294.639873,4069652.19081
346294.508165,4069652.30675
346294.370974,4069652.40743
346294.247461,4069652.51564
346294.122508,4069652.63478
346294.00558,4069652.73677
346293.880728,4069652.845
346293.768198,4069652.95153
346293.655094,4069653.0675
346293.545316,4069653.17805
346293.442062,4069653.27905
346293.328852,4069653.38911
346293.222525,4069653.50126
346293.120767,4069653.61093
346293.019624,4069653.72169
346292.928267,4069653.83043
346292.814155,4069653.92349
346292.709913,4069654.01914
346292.599817,4069654.12858
346292.491649,4069654.24595
346292.386265,4069654.33607
346292.282282,4069654.44615
346292.164361,4069654.56739
346292.035149,4069654.67311
346291.915419,4069654.78476
346291.784795,4069654.92787
346291.657432,4069655.0454
346291.535816,4069655.17632
346291.396436,4069655.30423
346291.26137,4069655.43207
346291.138922,4069655.56634
346291.029329,4069655.68724
346290.893874,4069655.81823
346290.784573,4069655.93876
346290.66216,4069656.06674
346290.547136,4069656.19181
346290.420507,4069656.30877
346290.298288,4069656.43101
346290.184275,4069656.54607
346290.081503,4069656.66556
346289.953304,4069656.78624
346289.845136,4069656.90361
346289.729109,4069657.01427
346289.613892,4069657.12862
346289.48639,4069657.2467
346289.388123,4069657.35186
346289.259348,4069657.47367
346289.143735,4069657.5908
346289.038786,4069657.69682
346288.917327,4069657.80333
346288.818359,4069657.91091
346288.709112,4069658.01793
346288.605093,4069658.12597
346288.481243,4069658.24029
346288.382443,4069658.34066
346288.281863,4069658.44956
346288.171244,4069658.55476
346288.079449,4069658.65574
346287.94823,4069658.76575
346287.878714,4069658.87243
346287.76586,4069658.97749
346287.656894,4069659.08358
346287.550842,4069659.19444
346287.437347,4069659.30524
346287.333412,4069659.40144
346287.233122,4069659.50997
346287.114675,4069659.61846
346287.006417,4069659.73083
346286.898132,4069659.8334
346286.770756,4069659.95018
346286.679814,4069660.04892
346286.564422,4069660.1618
346286.46921,4069660.26302
346286.335108,4069660.37826
346286.218868,4069660.47709
346286.101633,4069660.60331
346286.00316,4069660.70533
346285.894178,4069660.83529
346285.788329,4069660.93264
346285.676288,4069661.04156
346285.561327,4069661.16182
346285.456346,4069661.27432
346285.335421,4069661.40227
346285.228833,4069661.50814
346285.11554,4069661.6219
346285.005209,4069661.72654
346284.893516,4069661.83823
346284.78465,4069661.94988
346284.672537,4069662.05474
346284.563209,4069662.17379
346284.456532,4069662.28298
346284.342112,4069662.40028
346284.238159,4069662.51202
346284.11591,4069662.62427
346284.020415,4069662.74289
346283.891614,4069662.86321
346283.79275,4069662.97652
346283.66102,4069663.09949
346283.560466,4069663.20988
346283.424006,4069663.34292
346283.298769,4069663.46281
346283.15988,4069663.60977
346283.037541,4069663.74181
346282.880235,4069663.89909
346282.746307,4069664.04873
346282.599632,4069664.19305
346282.454697,4069664.34308
346282.326088,4069664.49059
346282.188544,4069664.62957
346282.056638,4069664.77585
346281.929287,4069664.93536
346281.802129,4069665.08913
346281.680988,4069665.22985
346281.543703,4069665.37493
346281.412996,4069665.51341
346281.294943,4069665.66037
346281.168528,4069665.79748
346281.039478,4069665.93705
346280.919938,4069666.08403
346280.782637,4069666.21172
346280.656199,4069666.34754
346280.534456,4069666.4879
346280.407842,4069666.62224
346280.29626,4069666.74836
346280.165269,4069666.88759
346280.03962,4069667.01766
346279.931057,4069667.14613
346279.800131,4069667.27241
346279.664704,4069667.38842
346279.546791,4069667.51003
346279.428449,4069667.64089
346279.310082,4069667.76214
346279.193227,4069667.88466
346279.074593,4069668.00757
346278.945333,4069668.13549
346278.83029,4069668.25945
346278.701064,4069668.39754
346278.569016,4069668.53587
346278.44183,4069668.67152
346278.320672,4069668.81131
346278.181068,4069668.9433
346278.059823,4069669.07829
346277.924471,4069669.20668
346277.807974,4069669.34084
346277.682953,4069669.47275
346277.561373,4069669.59739
346277.433053,4069669.72788
346277.327584,4069669.8463
346277.205347,4069669.97576
346277.083775,4069670.10909
346276.961315,4069670.22615
346276.849009,4069670.3534
346276.730425,4069670.47909
346276.609202,4069670.59872
346276.492635,4069670.729
346276.388425,4069670.84296
346276.266991,4069670.96741
346276.159555,4069671.09235
346276.043777,4069671.20855
346275.929602,4069671.32288
346275.820406,4069671.441
346275.713068,4069671.55484
346275.603657,4069671.66927
346275.497704,4069671.77734
346275.398222,4069671.88937
346275.304224,4069672.00019
346275.199483,4069672.10122
346275.092488,4069672.20932
346274.988883,4069672.32382
346274.89823,4069672.42201
346274.780146,4069672.52586
346274.677407,4069672.6472
346274.568714,4069672.76013
346274.451492,4069672.88709
346274.338875,4069673.00528
346274.200746,4069673.14482
346274.096005,4069673.27063
346273.956791,4069673.39947
346273.83148,4069673.53176
346273.696036,4069673.67162
346273.564436,4069673.8018
346273.449005,4069673.94556
346273.320599,4069674.07957
346273.191429,4069674.20415
346273.078582,4069674.34269
346272.953261,4069674.47442
346272.825053,4069674.60287
346272.71012,4069674.73294
346272.587251,4069674.86037
346272.453002,4069674.98394
346272.336463,4069675.12402
346272.204695,4069675.25309
346272.080386,4069675.39146
346271.946922,4069675.52556
346271.820388,4069675.66434
346271.686954,4069675.8001
346271.561123,4069675.92833
346271.434649,4069676.07044
346271.308572,4069676.20976
346271.173138,4069676.35019
346271.039334,4069676.49021
346270.92211,4069676.62531
346270.801663,4069676.76324
346270.67133,4069676.89765
346270.554971,4069677.02293
346270.425193,4069677.15511
346270.307271,4069677.28449
346270.193067,4069677.40548
346270.080024,4069677.52478
346269.955985,4069677.65334
346269.839536,4069677.77363
346269.72896,4069677.8977
346269.616593,4069678.01329
346269.502121,4069678.12762
346269.384647,4069678.24053
346269.286349,4069678.36049
346269.190763,4069678.46579
346269.087575,4069678.57863
346268.99477,4069678.68961
346268.882535,4069678.79595
346268.798611,4069678.90419
346268.691897,4069679.00303
346268.608656,4069679.10792
346268.501609,4069679.21306
346268.408641,4069679.31498
346268.322262,4069679.40255
346268.227466,4069679.5021
346268.127446,4069679.60082
346268.053128,4069679.68872
346267.969056,4069679.7805
346267.878243,4069679.8698
346267.798012,4069679.95171
346267.720143,4069680.04078
346267.647645,4069680.12236
346267.560078,4069680.21013
346267.483749,4069680.29382
346267.419414,4069680.37414
346267.342438,4069680.44674
346267.275439,4069680.53617
346267.198794,4069680.60229
