346248.813941,4069678.69058
346248.840628,4069678.70976
346248.868702,4069678.73158
346248.894591,4069678.76428
346248.924268,4069678.80352
346248.957036,4069678.84356
346248.997098,4069678.87816
346249.039104,4069678.91335
346249.083238,4069678.95097
346249.130149,4069678.9968
346249.178385,4069679.03909
346249.231719,4069679.08345
346249.282998,4069679.12118
346249.334701,4069679.16865
346249.386371,4069679.21704
346249.443548,4069679.26824
346249.501477,4069679.31985
346249.562124,4069679.37363
346249.622168,4069679.42976
346249.685525,4069679.48806
346249.748124,4069679.54557
346249.813166,4069679.60654
346249.876153,4069679.66078
346249.945758,4069679.7189
346250.010231,4069679.77582
346250.077646,4069679.83354
346250.142348,4069679.8949
346250.211545,4069679.95796
346250.283674,4069680.02399
346250.355697,4069680.08694
346250.429259,4069680.14998
346250.504757,4069680.21305
346250.579775,4069680.27699
346250.655113,4069680.34223
346250.728246,4069680.41169
346250.80159,4069680.48189
346250.876304,4069680.54824
346250.951527,4069680.61532
346251.027211,4069680.68326
346251.103611,4069680.75507
346251.180892,4069680.82354
346251.26065,4069680.89448
346251.339732,4069680.961
346251.419354,4069681.03547
346251.498393,4069681.10236
346251.57927,4069681.17489
346251.662608,4069681.24084
346251.746179,4069681.31419
346251.827424,4069681.38788
346251.91065,4069681.46136
346251.995795,4069681.53122
346252.086253,4069681.59587
346252.171093,4069681.66531
346252.255855,4069681.7387
346252.337286,4069681.81448
346252.420177,4069681.88864
346252.502694,4069681.9641
346252.583004,4069682.04096
346252.667098,4069682.11584
346252.748768,4069682.1828
346252.835156,4069682.25283
346252.91514,4069682.3226
346252.994812,4069682.39429
346253.071344,4069682.46246
346253.148601,4069682.52957
346253.230946,4069682.59819
346253.310618,4069682.66716
346253.38922,4069682.73733
346253.465011,4069682.81119
346253.543867,4069682.88166
346253.628268,4069682.95153
346253.709966,4069683.01456
346253.790745,4069683.07889
346253.867377,4069683.14434
346253.94558,4069683.21162
346254.023298,4069683.27681
346254.10021,4069683.3385
346254.172907,4069683.40581
346254.24471,4069683.47308
346254.31655,4069683.53961
346254.390158,4069683.59969
346254.463732,4069683.66335
346254.538608,4069683.72773
346254.616107,4069683.79169
346254.690434,4069683.85311
346254.764206,4069683.91677
346254.83666,4069683.98433
346254.909492,4069684.05368
346254.982523,4069684.12302
346255.057433,4069684.18925
346255.137402,4069684.25545
346255.220824,4069684.31776
346255.304097,4069684.38285
346255.386946,4069684.4464
346255.470356,4069684.51358
346255.552301,4069684.57931
346255.63645,4069684.64623
346255.720142,4069684.71532
346255.809198,4069684.78475
346255.90082,4069684.85061
346255.994257,4069684.91262
346256.088717,4069684.97362
346256.182806,4069685.03328
346256.279958,4069685.0922
346256.379246,4069685.14577
346256.481798,4069685.20158
346256.58415,4069685.25455
346256.687625,4069685.30922
346256.792469,4069685.36005
346256.900685,4069685.40527
346257.007209,4069685.4475
346257.113526,4069685.4864
346257.216386,4069685.52351
346257.323704,4069685.55469
346257.43188,4069685.58388
346257.543742,4069685.61121
346257.64903,4069685.63984
346257.75584,4069685.66208
346257.863369,4069685.68296
346257.975127,4069685.70173
346258.081351,4069685.7217
346258.186702,4069685.74009
346258.295254,4069685.75435
346258.408034,4069685.76928
346258.513746,4069685.77737
346258.626197,4069685.78502
346258.738153,4069685.79004
346258.85719,4069685.79979
346258.964114,4069685.80632
346259.08176,4069685.81043
346259.200636,4069685.81125
346259.327559,4069685.80989
346259.444801,4069685.80815
346259.565507,4069685.80314
346259.684877,4069685.79828
346259.810058,4069685.7856
346259.933982,4069685.77197
346260.056473,4069685.75589
346260.178637,4069685.73815
346260.299238,4069685.71632
346260.420478,4069685.6941
346260.536813,4069685.6695
346260.655512,4069685.64671
346260.775735,4069685.6176
346260.900055,4069685.58737
346261.018529,4069685.55762
346261.135141,4069685.52636
346261.248822,4069685.49484
346261.362092,4069685.45704
346261.473634,4069685.41971
346261.582875,4069685.3813
346261.694434,4069685.34495
346261.803143,4069685.30181
346261.911181,4069685.25998
346262.016655,4069685.2135
346262.121671,4069685.16913
346262.221466,4069685.12134
346262.316698,4069685.07357
346262.409768,4069685.02701
346262.505405,4069684.97695
346262.603716,4069684.92389
346262.700159,4069684.87178
346262.797627,4069684.81595
346262.893175,4069684.75819
346262.992279,4069684.69407
346263.087547,4069684.62904
346263.185045,4069684.55835
346263.282327,4069684.48669
346263.384,4069684.41371
346263.485312,4069684.33993
346263.588299,4069684.26274
346263.688208,4069684.1827
346263.79106,4069684.10631
346263.890832,4069684.02689
346263.991512,4069683.94838
346264.091742,4069683.85859
346264.191085,4069683.76913
346264.290808,4069683.67596
346264.385347,4069683.58696
346264.481637,4069683.49323
346264.577542,4069683.4002
346264.67557,4069683.30385
346264.775112,4069683.20341
346264.874565,4069683.10353
346264.976576,4069683.00243
346265.078685,4069682.90682
346265.182385,4069682.80858
346265.281908,4069682.70987
346265.37981,4069682.61199
346265.47586,4069682.5105
346265.574109,4069682.41261
346265.671153,4069682.30568
346265.768424,4069682.19758
346265.865452,4069682.08146
346265.962837,4069681.9659
346266.064654,4069681.84303
346266.168964,4069681.72081
346266.27466,4069681.6012
346266.374483,4069681.49157
346266.472194,4069681.38309
346266.566443,4069681.278
346266.66248,4069681.17022
346266.756711,4069681.06686
346266.85091,4069680.96171
346266.94226,4069680.86086
346267.032598,4069680.7617
346267.121933,4069680.66471
346267.212422,4069680.56844
346267.302941,4069680.47106
346267.39621,4069680.37486
346267.491047,4069680.28037
346267.592023,4069680.18514
346267.695492,4069680.0879
346267.800766,4069679.98896
346267.901649,4069679.88862
346268.0006,4069679.79115
346268.095027,4069679.69592
346268.187554,4069679.60535
346268.276848,4069679.51434
346268.36369,4069679.42492
346268.448145,4069679.33789
346268.532428,4069679.25233
346268.616597,4069679.16598
346268.70109,4069679.07833
346268.784676,4069678.99544
346268.86692,4069678.91233
346268.948102,4069678.8309
346269.027689,4069678.7463
346269.106622,4069678.66398
346269.18411,4069678.58127
346269.25983,4069678.50228
346269.340501,4069678.42006
346269.420904,4069678.33667
346269.502632,4069678.25252
346269.577625,4069678.17176
346269.652983,4069678.0947
346269.728486,4069678.0175
346269.804622,4069677.93962
346269.881958,4069677.8622
346269.960102,4069677.78287
346270.038629,4069677.70278
346270.115737,4069677.62377
346270.19039,4069677.54616
346270.267038,4069677.46913
346270.342024,4069677.39077
346270.417121,4069677.31303
346270.49004,4069677.23551
346270.564985,4069677.16036
346270.639408,4069677.08652
346270.714759,4069677.01463
346270.788076,4069676.94
346270.863948,4069676.8612
346270.939083,4069676.78006
346271.015194,4069676.69799
346271.090218,4069676.61624
346271.167069,4069676.53396
346271.243841,4069676.45003
346271.320437,4069676.36739
346271.393859,4069676.28752
346271.467249,4069676.21141
346271.539652,4069676.13557
346271.61333,4069676.05618
346271.688591,4069675.97375
346271.766646,4069675.88948
346271.846535,4069675.80512
346271.924557,4069675.72178
346272.001015,4069675.6397
346272.078885,4069675.55894
346272.16025,4069675.47388
346272.241802,4069675.38819
346272.321904,4069675.30185
346272.40137,4069675.21879
346272.483699,4069675.13493
346272.565234,4069675.05109
346272.645725,4069674.96709
346272.723723,4069674.88239
346272.805512,4069674.79608
346272.888596,4069674.70734
346272.973393,4069674.61728
346273.057348,4069674.52452
346273.143226,4069674.43111
346273.229851,4069674.33516
346273.317705,4069674.24128
346273.404623,4069674.14779
346273.492561,4069674.05582
346273.57974,4069673.96306
346273.669157,4069673.87057
346273.758277,4069673.77815
346273.847098,4069673.68567
346273.936912,4069673.59324
346274.027,4069673.49945
346274.116302,4069673.40887
346274.204396,4069673.31733
346274.291472,4069673.2271
346274.379899,4069673.13476
346274.468477,4069673.04253
346274.558027,4069672.95195
346274.646777,4069672.86101
346274.733621,4069672.77165
346274.821635,4069672.68116
346274.907505,4069672.59287
346274.993125,4069672.5044
346275.076771,4069672.41657
346275.162628,4069672.32477
346275.249702,4069672.23164
346275.338264,4069672.13855
346275.42765,4069672.04989
346275.516265,4069671.96247
346275.603045,4069671.87508
346275.691083,4069671.78595
346275.779094,4069671.69527
346275.86735,4069671.60447
346275.954757,4069671.51331
346276.042585,4069671.4235
346276.130494,4069671.33271
346276.216719,4069671.24206
346276.301083,4069671.14997
346276.386478,4069671.06009
346276.471288,4069670.97076
346276.556985,4069670.88105
346276.640961,4069670.79224
346276.727919,4069670.70097
346276.814115,4069670.61143
346276.903227,4069670.51858
346276.990467,4069670.42921
346277.080201,4069670.34054
346277.169706,4069670.25299
346277.259936,4069670.16708
346277.348633,4069670.07873
346277.43467,4069669.99142
346277.521288,4069669.90053
346277.607577,4069669.81068
346277.694211,4069669.72071
346277.780734,4069669.63006
346277.865496,4069669.5408
346277.951596,4069669.45146
346278.035582,4069669.3632
346278.122796,4069669.27513
346278.207121,4069669.18637
346278.291454,4069669.10088
346278.374997,4069669.01281
346278.460287,4069668.92533
346278.543322,4069668.8393
346278.624594,4069668.75461
346278.705091,4069668.67369
346278.788041,4069668.58853
346278.87189,4069668.50643
346278.956813,4069668.42056
346279.040148,4069668.33472
346279.123405,4069668.25005
346279.206569,4069668.16297
346279.291469,4069668.07864
346279.376543,4069667.99295
346279.461808,4069667.90954
346279.546296,4069667.82436
346279.629169,4069667.74043
346279.710652,4069667.65641
346279.791848,4069667.57301
346279.874118,4069667.4886
346279.957254,4069667.40548
346280.042579,4069667.32268
346280.129309,4069667.23807
346280.214905,4069667.15656
346280.299044,4069667.07403
346280.382941,4069666.99182
346280.467352,4069666.90509
346280.551124,4069666.81875
346280.633255,4069666.7349
346280.715251,4069666.64908
346280.796535,4069666.56777
346280.878392,4069666.48251
346280.958383,4069666.40104
346281.03717,4069666.32157
346281.114912,4069666.2447
346281.19102,4069666.17077
346281.267868,4069666.09102
346281.344834,4069666.01238
346281.423236,4069665.93359
346281.502056,4069665.85597
346281.578759,4069665.77925
346281.654326,4069665.70008
346281.729425,4069665.6224
346281.802831,4069665.54444
346281.877413,4069665.47115
346281.946562,4069665.40196
346282.018545,4069665.33032
346282.085858,4069665.2611
346282.155162,4069665.1895
346282.220252,4069665.12353
346282.283679,4069665.05889
346282.347849,4069664.99145
346282.411162,4069664.92595
346282.476887,4069664.85947
346282.538747,4069664.79874
346282.601966,4069664.73631
346282.664619,4069664.67002
346282.727768,4069664.60371
346282.790042,4069664.53563
346282.854898,4069664.47324
346282.91665,4069664.41202
346282.977778,4069664.35469
346283.032998,4069664.2971
346283.090443,4069664.23916
346283.146664,4069664.17933
346283.204346,4069664.11799
346283.261101,4069664.0547
346283.319216,4069663.99261
346283.379921,4069663.92832
346283.443459,4069663.86435
346283.505135,4069663.80165
346283.565987,4069663.7373
346283.624637,4069663.67459
346283.686376,4069663.60714
346283.747836,4069663.54345
346283.810302,4069663.47777
346283.871283,4069663.41508
346283.931319,4069663.34945
346283.991422,4069663.2848
346284.052892,4069663.2189
346284.114523,4069663.15373
346284.177018,4069663.08688
346284.239339,4069663.02145
346284.303229,4069662.95772
346284.362269,4069662.88915
346284.420368,4069662.82065
346284.476695,4069662.75015
346284.537049,4069662.68568
346284.59941,4069662.6197
346284.661283,4069662.55416
346284.723881,4069662.48755
346284.785093,4069662.4211
346284.847547,4069662.35481
346284.909913,4069662.28629
346284.972577,4069662.2179
346285.037159,4069662.14849
346285.10153,4069662.08117
346285.164993,4069662.01301
346285.228561,4069661.94793
346285.293564,4069661.8827
346285.3584,4069661.81914
346285.421546,4069661.75543
346285.482648,4069661.6939
346285.544672,4069661.63403
346285.60761,4069661.56976
346285.67078,4069661.50463
346285.734604,4069661.43726
346285.796172,4069661.37407
346285.859753,4069661.30973
346285.923761,4069661.2415
346285.989847,4069661.17027
346286.057792,4069661.09752
346286.123184,4069661.02908
346286.190405,4069660.96024
346286.252789,4069660.89277
346286.317427,4069660.82373
346286.379216,4069660.75905
346286.442656,4069660.69514
346286.503465,4069660.63387
346286.562769,4069660.57171
346286.622946,4069660.51113
346286.681612,4069660.44934
346286.74472,4069660.38353
346286.805945,4069660.31781
346286.872376,4069660.24917
346286.93513,4069660.18577
346286.9991,4069660.11821
346287.062131,4069660.05358
346287.127341,4069659.98606
346287.194267,4069659.92012
346287.261154,4069659.85202
346287.327941,4069659.78664
346287.393339,4069659.72399
346287.457668,4069659.66537
346287.52252,4069659.60551
346287.588436,4069659.54408
346287.653368,4069659.4804
346287.719071,4069659.4154
346287.783314,4069659.35197
346287.850592,4069659.28911
346287.915409,4069659.22727
346287.98102,4069659.16542
346288.045539,4069659.10637
346288.110785,4069659.04631
346288.173965,4069658.98445
346288.235098,4069658.92194
346288.29608,4069658.85925
346288.359842,4069658.79669
346288.422286,4069658.73256
346288.485471,4069658.671
346288.547266,4069658.6094
346288.610776,4069658.54661
346288.672096,4069658.48342
346288.735263,4069658.42087
346288.79918,4069658.35862
346288.864706,4069658.29486
346288.928814,4069658.22946
346288.994282,4069658.16521
346289.059722,4069658.09942
346289.126178,4069658.03491
346289.189891,4069657.96964
346289.254375,4069657.90306
346289.318878,4069657.8376
346289.384865,4069657.77186
346289.452958,4069657.70737
346289.521331,4069657.63641
346289.58939,4069657.56724
346289.655272,4069657.49842
346289.718227,4069657.43236
346289.782923,4069657.36381
346289.846189,4069657.29572
346289.912818,4069657.22707
346289.977873,4069657.15919
346290.044068,4069657.09122
346290.109984,4069657.02431
346290.174804,4069656.95711
346290.239164,4069656.88918
346290.300836,4069656.82075
346290.364984,4069656.75208
346290.428699,4069656.6841
346290.493039,4069656.61783
346290.555652,4069656.55209
346290.617194,4069656.48742
346290.679956,4069656.42167
346290.743642,4069656.35487
346290.807305,4069656.28683
346290.870645,4069656.22008
346290.932506,4069656.15386
346290.994378,4069656.08826
346291.053993,4069656.02405
346291.114333,4069655.95878
346291.174643,4069655.89463
346291.235095,4069655.83003
346291.295071,4069655.76662
346291.354604,4069655.70334
346291.414374,4069655.6395
346291.473424,4069655.57697
346291.531633,4069655.51457
346291.589961,4069655.45051
346291.647766,4069655.38776
346291.707607,4069655.32231
346291.767686,4069655.25631
346291.828455,4069655.18733
346291.889704,4069655.11742
346291.950756,4069655.05035
346292.013427,4069654.98227
346292.075407,4069654.91715
346292.140442,4069654.85094
346292.203847,4069654.78506
346292.268741,4069654.71644
346292.332099,4069654.64797
346292.397232,4069654.57892
346292.459226,4069654.51183
346292.521386,4069654.4429
346292.583121,4069654.3752
346292.646283,4069654.30686
346292.707938,4069654.24027
346292.768499,4069654.17346
346292.829734,4069654.10829
346292.890693,4069654.0416
346292.952135,4069653.97415
346293.011989,4069653.90667
346293.072135,4069653.84165
346293.133447,4069653.77803
346293.195045,4069653.71373
346293.259318,4069653.64925
346293.322513,4069653.58547
346293.386592,4069653.52125
346293.449043,4069653.45471
346293.510679,4069653.38978
346293.57246,4069653.32467
346293.63234,4069653.26139
346293.692564,4069653.1952
346293.75384,4069653.12954
346293.814494,4069653.06519
346293.87412,4069653.0016
346293.93228,4069652.93921
346293.991509,4069652.87562
346294.051025,4069652.81142
346294.110538,4069652.74431
346294.170958,4069652.67793
346294.230448,4069652.61231
346294.289671,4069652.54836
346294.348629,4069652.48348
346294.408296,4069652.4194
346294.467385,4069652.35631
346294.525826,4069652.29299
346294.585214,4069652.22996
346294.64306,4069652.16671
346294.702462,4069652.10441
346294.760137,4069652.04265
346294.820056,4069651.9788
346294.879445,4069651.91306
346294.938934,4069651.84737
346294.99977,4069651.7821
346295.057589,4069651.7173
346295.115779,4069651.65386
346295.172547,4069651.5886
346295.23242,4069651.52216
346295.291879,4069651.45482
346295.353158,4069651.38935
346295.41237,4069651.32755
346295.473633,4069651.26393
346295.533814,4069651.20082
346295.595742,4069651.13559
346295.655739,4069651.07057
346295.716065,4069651.0045
346295.775813,4069650.94214
346295.83632,4069650.87792
346295.897211,4069650.81566
346295.955934,4069650.75153
346296.016092,4069650.6899
346296.074417,4069650.62843
346296.134739,4069650.56766
346296.19335,4069650.50557
346296.252634,4069650.44501
346296.314094,4069650.3841
346296.376849,4069650.32347
346296.438891,4069650.26452
346296.499316,4069650.204
346296.561252,4069650.14468
346296.624155,4069650.08128
346296.687013,4069650.02084
346296.750252,4069649.95952
346296.814287,4069649.90109
346296.877955,4069649.84156
346296.941509,4069649.78123
346297.004961,4069649.71794
346297.070081,4069649.65363
346297.133331,4069649.58745
346297.19655,4069649.52225
346297.259595,4069649.4557
346297.322421,4069649.39347
346297.384838,4069649.33057
346297.445776,4069649.27096
346297.507779,4069649.20992
346297.569344,4069649.14654
346297.63323,4069649.08256
346297.695689,4069649.01929
346297.759509,4069648.95717
346297.822706,4069648.89351
346297.885875,4069648.83109
346297.94841,4069648.76923
346298.010316,4069648.70825
346298.07266,4069648.64683
346298.135123,4069648.58652
346298.195314,4069648.52674
346298.25756,4069648.46538
346298.317409,4069648.40592
346298.379775,4069648.34296
346298.441032,4069648.28174
346298.503317,4069648.21983
346298.565998,4069648.15779
346298.629426,4069648.0932
346298.694165,4069648.02705
346298.757803,4069647.96308
346298.822988,4069647.89964
346298.888118,4069647.83589
346298.954058,4069647.77033
346299.01901,4069647.70221
346299.086881,4069647.63637
346299.157251,4069647.56882
346299.228601,4069647.50342
346299.298564,4069647.43533
346299.367999,4069647.36817
346299.436759,4069647.30219
346299.50684,4069647.23515
346299.578001,4069647.17018
346299.648615,4069647.10244
346299.718857,4069647.03607
346299.787499,4069646.96621
346299.857423,4069646.89874
346299.927466,4069646.8296
346299.999339,4069646.76289
346300.06856,4069646.69487
346300.138647,4069646.62819
346300.204596,4069646.56307
346300.273144,4069646.49907
346300.337538,4069646.43576
346300.404275,4069646.37309
346300.467977,4069646.30992
346300.533353,4069646.24882
346300.597377,4069646.18706
346300.661846,4069646.12517
346300.726524,4069646.06112
346300.789552,4069645.99636
346300.855448,4069645.93105
346300.919266,4069645.86609
346300.985271,4069645.80133
346301.049061,4069645.73754
346301.113101,4069645.67387
346301.178096,4069645.60815
346301.243659,4069645.54088
346301.310764,4069645.47388
346301.377248,4069645.4082
346301.443211,4069645.34388
346301.509819,4069645.27677
346301.577482,4069645.20767
346301.646977,4069645.13841
346301.715948,4069645.07028
346301.783466,4069645.0042
346301.849993,4069644.93537
346301.917351,4069644.86862
346301.986225,4069644.79789
346302.054268,4069644.72786
346302.121761,4069644.65482
346302.189631,4069644.58343
346302.257781,4069644.51106
346302.327551,4069644.43779
346302.398706,4069644.36425
346302.469461,4069644.29053
346302.538863,4069644.21881
346302.604802,4069644.14765
346302.670116,4069644.08038
346302.735983,4069644.01347
346302.801319,4069643.94737
346302.869806,4069643.87721
346302.937302,4069643.80435
346303.006523,4069643.72807
346303.075676,4069643.65358
346303.144908,4069643.57792
346303.21257,4069643.50604
346303.279633,4069643.43116
346303.34697,4069643.36046
346303.413313,4069643.28695
346303.478417,4069643.21623
346303.543076,4069643.14287
346303.611761,4069643.06987
346303.679039,4069642.99596
346303.749364,4069642.92041
346303.816938,4069642.8436
346303.888352,4069642.7679
346303.955168,4069642.69308
346304.027115,4069642.61946
346304.095192,4069642.54579
346304.167681,4069642.47198
346304.235347,4069642.39752
346304.305281,4069642.32228
346304.373404,4069642.24565
346304.444906,4069642.16939
346304.514515,4069642.09261
346304.587711,4069642.01398
346304.65775,4069641.93904
346304.732161,4069641.86452
346304.802985,4069641.79191
346304.873657,4069641.71634
346304.942836,4069641.64049
346305.011709,4069641.56693
346305.080967,4069641.49275
346305.149054,4069641.41963
346305.215907,4069641.34691
346305.284709,4069641.27489
346305.350905,4069641.2015
346305.419967,4069641.12745
346305.485413,4069641.05364
346305.554694,4069640.98353
346305.621194,4069640.91315
346305.692321,4069640.84085
346305.759945,4069640.76681
346305.82879,4069640.69171
346305.895295,4069640.61894
346305.962103,4069640.5464
346306.028117,4069640.47665
346306.094535,4069640.40727
346306.160849,4069640.33492
346306.226644,4069640.26401
346306.292163,4069640.19156
346306.357952,4069640.12304
346306.423703,4069640.04972
346306.486969,4069639.97885
346306.553319,4069639.90571
346306.618453,4069639.83666
346306.686929,4069639.7631
346306.753844,4069639.69106
346306.82263,4069639.6154
346306.890059,4069639.54433
346306.957511,4069639.46901
346307.024994,4069639.39819
346307.091386,4069639.32461
346307.155466,4069639.2549
346307.2218,4069639.18089
346307.288736,4069639.10718
346307.356958,4069639.03332
346307.422262,4069638.96272
346307.488309,4069638.89199
346307.555107,4069638.82173
346307.621422,4069638.7521
346307.687201,4069638.6831
346307.750725,4069638.61555
346307.816544,4069638.54599
346307.882272,4069638.47687
346307.950191,4069638.4082
346308.014501,4069638.3402
346308.081227,4069638.27143
346308.149001,4069638.20023
346308.220431,4069638.12817
346308.287111,4069638.05958
346308.355564,4069637.99028
346308.422353,4069637.92224
346308.492153,4069637.85613
346308.557765,4069637.79157
346308.62204,4069637.72993
346308.68859,4069637.66239
346308.755601,4069637.59564
346308.824775,4069637.52781
346308.890653,4069637.46152
346308.962823,4069637.39474
346309.033799,4069637.32503
346309.107707,4069637.25563
346309.17512,4069637.18641
346309.244255,4069637.12191
346309.310424,4069637.05802
346309.378581,4069636.99434
346309.443752,4069636.92732
346309.508387,4069636.86086
346309.571747,4069636.79523
346309.639063,4069636.72891
346309.707163,4069636.6648
346309.774872,4069636.59829
346309.841292,4069636.53174
346309.906956,4069636.46458
346309.976454,4069636.39823
346310.044261,4069636.33437
346310.113755,4069636.26776
346310.18216,4069636.20407
346310.25426,4069636.13619
346310.327322,4069636.06934
346310.398828,4069636.00152
346310.470143,4069635.93692
346310.542716,4069635.87322
346310.616687,4069635.80734
346310.690191,4069635.743
346310.762647,4069635.67838
346310.835042,4069635.61585
346310.907225,4069635.55259
346310.979309,4069635.48933
346311.051813,4069635.42458
346311.123157,4069635.35875
346311.196851,4069635.29398
346311.269205,4069635.22646
346311.343914,4069635.15742
346311.414867,4069635.08647
346311.485998,4069635.01435
346311.554656,4069634.94536
346311.6237,4069634.87858
346311.691647,4069634.81699
346311.763161,4069634.74684
346311.836218,4069634.67148
346311.91081,4069634.59325
346311.982162,4069634.52236
346312.053409,4069634.45393
346312.124398,4069634.38496
346312.194402,4069634.3136
346312.261374,4069634.24192
346312.32926,4069634.17146
346312.398561,4069634.10239
346312.470756,4069634.03149
346312.540794,4069633.96204
346312.610029,4069633.89211
346312.679156,4069633.82163
346312.749996,4069633.74988
346312.820279,4069633.68024
346312.887364,4069633.61214
346312.955162,4069633.54501
346313.021792,4069633.47365
346313.091252,4069633.40513
346313.156232,4069633.33577
346313.224296,4069633.26969
346313.289843,4069633.20426
346313.356915,4069633.13819
346313.423143,4069633.07202
346313.487798,4069633.0039
346313.555012,4069632.93746
346313.620129,4069632.87019
346313.686589,4069632.80315
346313.74895,4069632.73717
346313.812031,4069632.66981
346313.872685,4069632.6054
346313.936946,4069632.53748
346314.001789,4069632.47157
346314.069753,4069632.40265
346314.135491,4069632.33408
346314.201009,4069632.26705
346314.265664,4069632.19893
346314.329462,4069632.13286
346314.393029,4069632.06495
346314.457401,4069631.99763
346314.522767,4069631.93049
346314.587459,4069631.86169
346314.651834,4069631.79456
346314.71591,4069631.7246
346314.782297,4069631.65626
346314.848715,4069631.58688
346314.916059,4069631.51661
346314.981176,4069631.44657
346315.048014,4069631.37576
346315.114925,4069631.30618
346315.18378,4069631.23441
346315.25309,4069631.16312
346315.322103,4069631.09184
346315.38995,4069631.02194
346315.456995,4069630.95155
346315.524383,4069630.88092
346315.591748,4069630.81182
346315.659418,4069630.74032
346315.726329,4069630.6708
346315.793859,4069630.59702
346315.858956,4069630.52871
346315.925452,4069630.45815
346315.99256,4069630.3885
346316.061653,4069630.3134
346316.129574,4069630.24207
346316.196303,4069630.17071
346316.262123,4069630.10392
346316.327333,4069630.03357
346316.391705,4069629.96355
346316.458773,4069629.88891
346316.526094,4069629.81735
346316.592973,4069629.74605
346316.65801,4069629.67712
346316.729207,4069629.60314
346316.800022,4069629.52998
346316.870914,4069629.45558
346316.935623,4069629.385
346317.001744,4069629.31568
346317.066043,4069629.24707
346317.131216,4069629.1774
346317.197091,4069629.10543
346317.26464,4069629.03276
346317.331736,4069628.96244
346317.398159,4069628.89059
346317.464416,4069628.82053
346317.53009,4069628.74844
346317.597138,4069628.67818
346317.662993,4069628.60788
346317.728296,4069628.53716
346317.792892,4069628.46577
346317.857448,4069628.39217
346317.925886,4069628.31652
346317.993013,4069628.24243
346318.061025,4069628.1679
346318.127134,4069628.09513
346318.193604,4069628.02038
346318.258084,4069627.95085
346318.31986,4069627.87988
346318.380629,4069627.81362
346318.441497,4069627.74458
346318.50267,4069627.67868
346318.564015,4069627.61136
346318.625519,4069627.54459
346318.690001,4069627.47512
346318.755436,4069627.40075
346318.823854,4069627.32671
346318.89054,4069627.25294
346318.95745,4069627.18336
346319.020724,4069627.1157
346319.081171,4069627.0508
346319.140917,4069626.9856
346319.197686,4069626.92034
346319.25636,4069626.85621
346319.309839,4069626.79556
346319.367844,4069626.73286
346319.422457,4069626.66912
346319.482066,4069626.60454
346319.538218,4069626.54083
346319.597043,4069626.47682
346319.651594,4069626.41511
346319.709901,4069626.34988
346319.769035,4069626.2837
346319.832466,4069626.21098
346319.896852,4069626.13898
346319.96071,4069626.06792
346320.025728,4069625.99517
346320.088744,4069625.92424
346320.151811,4069625.8506
346320.214807,4069625.7785
346320.279574,4069625.70279
346320.345839,4069625.62768
346320.414554,4069625.55085
346320.485929,4069625.47577
346320.561662,4069625.39475
346320.639609,4069625.31541
346320.718358,4069625.23107
346320.796434,4069625.14514
346320.871304,4069625.06025
346320.943377,4069624.97701
346321.014495,4069624.89866
346321.083528,4069624.81745
346321.154363,4069624.73714
346321.224353,4069624.65678
346321.295175,4069624.57849
346321.367235,4069624.49458
346321.440865,4069624.40694
346321.519564,4069624.3115
346321.59973,4069624.22041
346321.678932,4069624.12817
346321.75728,4069624.04081
346321.834121,4069623.94966
346321.91263,4069623.86298
346321.989549,4069623.77614
346322.065527,4069623.68944
346322.141734,4069623.60441
346322.219699,4069623.52057
346322.300624,4069623.44408
346322.380723,4069623.36859
346322.461946,4069623.29765
346322.542687,4069623.22751
346322.626059,4069623.16294
346322.711769,4069623.09875
346322.796974,4069623.03686
346322.88341,4069622.97439
346322.9648,4069622.91553
346323.049211,4069622.85636
346323.130826,4069622.79891
346323.21675,4069622.74114
346323.29977,4069622.68458
346323.385957,4069622.62761
346323.469711,4069622.57604
346323.554877,4069622.53122
346323.638172,4069622.49002
346323.720017,4069622.4481
346323.801773,4069622.4068
346323.893474,4069622.36131
346323.991135,4069622.3106
346324.091059,4069622.2617
346324.182263,4069622.2161
346324.273474,4069622.17364
346324.36679,4069622.12967
346324.463656,4069622.08446
346324.560593,4069622.0432
346324.656566,4069622.00349
346324.751978,4069621.96848
346324.847727,4069621.93562
346324.942159,4069621.90402
346325.033713,4069621.87512
346325.131759,4069621.84586
346325.234141,4069621.81498
346325.341166,4069621.78297
346325.438742,4069621.75513
346325.535065,4069621.72941
346325.632214,4069621.70541
346325.731411,4069621.68223
346325.828511,4069621.66384
346325.923162,4069621.64993
346326.019429,4069621.63759
346326.118065,4069621.62459
346326.217399,4069621.61177
346326.315425,4069621.6007
346326.41259,4069621.5942
346326.510367,4069621.58307
346326.608915,4069621.57069
346326.709127,4069621.55705
346326.811455,4069621.548
346326.9161,4069621.54359
346327.02007,4069621.53753
346327.123302,4069621.53462
346327.234501,4069621.53053
346327.346671,4069621.53356
346327.460265,4069621.54132
346327.568526,4069621.55041
346327.676527,4069621.55889
346327.787571,4069621.56275
346327.89942,4069621.56998
346328.012804,4069621.57984
346328.126311,4069621.59655
346328.238252,4069621.61438
346328.352647,4069621.63082
346328.462744,4069621.65375
346328.575288,4069621.67756
346328.686152,4069621.70454
346328.800912,4069621.72745
346328.91246,4069621.75381
346329.025136,4069621.78772
346329.135037,4069621.82736
346329.245382,4069621.86959
346329.354351,4069621.90702
346329.461052,4069621.94802
346329.567368,4069621.98686
346329.670669,4069622.03463
346329.773519,4069622.07939
346329.874086,4069622.12685
346329.97436,4069622.17184
346330.07303,4069622.21865
346330.17196,4069622.27162
346330.26602,4069622.32689
346330.358378,4069622.38405
346330.448981,4069622.43748
346330.538898,4069622.49406
346330.629162,4069622.5507
346330.718157,4069622.60842
346330.807355,4069622.66643
346330.895274,4069622.72509
346330.981531,4069622.78784
346331.068223,4069622.8472
346331.15409,4069622.90755
346331.239904,4069622.96495
346331.325336,4069623.026
346331.410041,4069623.08243
346331.493712,4069623.1448
346331.574673,4069623.20549
346331.654853,4069623.27236
346331.734613,4069623.33795
346331.815434,4069623.4074
346331.895969,4069623.47747
346331.975113,4069623.54744
346332.053301,4069623.61663
346332.128916,4069623.68901
346332.203662,4069623.75992
346332.278407,4069623.83078
346332.353716,4069623.89989
346332.429601,4069623.97073
346332.505649,4069624.03958
346332.584777,4069624.10863
346332.666437,4069624.17504
346332.74983,4069624.2413
346332.834423,4069624.30532
346332.9191,4069624.36847
346333.004883,4069624.43247
346333.088755,4069624.49773
346333.174094,4069624.56186
346333.260376,4069624.62875
346333.348446,4069624.69578
346333.437197,4069624.76478
346333.524562,4069624.83122
346333.613118,4069624.90047
346333.699667,4069624.97117
346333.78574,4069625.04299
346333.870955,4069625.11125
346333.956976,4069625.18017
346334.044576,4069625.24586
346334.131871,4069625.3139
346334.216646,4069625.37977
346334.298721,4069625.44722
346334.380247,4069625.50895
346334.463609,4069625.57348
346334.550518,4069625.6366
346334.637786,4069625.70593
346334.725585,4069625.77445
346334.809564,4069625.84569
346334.895455,4069625.91567
346334.978765,4069625.98557
346335.065481,4069626.05454
346335.148779,4069626.12376
346335.232672,4069626.19297
346335.311256,4069626.26493
346335.390092,4069626.33706
346335.469408,4069626.4111
346335.550197,4069626.48148
346335.631855,4069626.55331
346335.714797,4069626.61656
346335.797518,4069626.68684
346335.879592,4069626.75146
346335.959771,4069626.82382
346336.042052,4069626.88892
346336.12233,4069626.95573
346336.202512,4069627.01995
346336.283667,4069627.08317
346336.363925,4069627.14887
346336.444096,4069627.21525
346336.522462,4069627.28061
346336.601481,4069627.34639
346336.679389,4069627.4138
346336.755616,4069627.48431
346336.831455,4069627.55533
346336.90708,4069627.62272
346336.982582,4069627.6943
346337.059586,4069627.76117
346337.137175,4069627.83295
346337.216414,4069627.89713
346337.292577,4069627.96414
346337.370508,4069628.03006
346337.447671,4069628.09748
346337.527869,4069628.16811
346337.606733,4069628.23359
346337.682707,4069628.30658
346337.757827,4069628.3707
346337.832386,4069628.43953
346337.910027,4069628.5004
346337.987267,4069628.56381
346338.061506,4069628.62586
346338.138378,4069628.69359
346338.21508,4069628.75744
346338.294952,4069628.82376
346338.371914,4069628.88551
346338.447185,4069628.95254
346338.522329,4069629.01802
346338.593535,4069629.0824
346338.667587,4069629.14784
346338.735927,4069629.21289
346338.810432,4069629.27869
346338.881596,4069629.34079
346338.960128,4069629.40159
346339.033021,4069629.46323
346339.11097,4069629.5302
346339.184533,4069629.59602
346339.261773,4069629.66498
346339.336015,4069629.72993
346339.412464,4069629.79902
346339.486334,4069629.86262
346339.563592,4069629.92701
346339.637787,4069629.98937
346339.716638,4069630.05133
346339.791143,4069630.11713
346339.868209,4069630.17913
346339.940592,4069630.24558
346340.015546,4069630.30601
346340.09058,4069630.37088
346340.168343,4069630.43305
346340.244441,4069630.50191
346340.32234,4069630.56333
346340.398419,4069630.62837
346340.475553,4069630.68863
346340.551337,4069630.75663
346340.626777,4069630.82476
346340.702682,4069630.89115
346340.779474,4069630.95451
346340.859014,4069631.01615
346340.938242,4069631.07977
346341.018466,4069631.14356
346341.093991,4069631.2054
346341.166528,4069631.2721
346341.238873,4069631.33917
346341.312569,4069631.40413
346341.389376,4069631.46829
346341.461229,4069631.53284
346341.535447,4069631.60198
346341.605949,4069631.66588
346341.680326,4069631.73285
346341.752993,4069631.79302
346341.829279,4069631.85577
346341.903773,4069631.91824
346341.977548,4069631.98208
346342.049692,4069632.0462
346342.122296,4069632.1084
346342.196865,4069632.17223
346342.269901,4069632.23633
346342.342013,4069632.3015
346342.413414,4069632.36575
346342.485343,4069632.42901
346342.557266,4069632.48912
346342.629016,4069632.55072
346342.699598,4069632.60803
346342.768844,4069632.66831
346342.837134,4069632.72781
346342.907906,4069632.78739
346342.978557,4069632.84858
346343.049679,4069632.91105
346343.119696,4069632.97558
346343.192792,4069633.03752
346343.264816,4069633.09776
346343.335947,4069633.16078
346343.404886,4069633.2233
346343.476659,4069633.28613
346343.544097,4069633.35619
346343.612033,4069633.42087
346343.678543,4069633.4862
346343.749195,4069633.54468
346343.819585,4069633.60784
346343.887633,4069633.6732
346343.959927,4069633.73473
346344.030761,4069633.79776
346344.103556,4069633.85952
346344.172087,4069633.92414
346344.243834,4069633.98833
346344.314426,4069634.05167
346344.387562,4069634.11312
346344.457995,4069634.18146
346344.530911,4069634.24717
346344.600749,4069634.31552
346344.673444,4069634.37723
346344.742014,4069634.44677
346344.811531,4069634.51384
346344.878782,4069634.57903
346344.94702,4069634.63841
346345.016973,4069634.69936
346345.085264,4069634.75621
346345.152982,4069634.81702
346345.21956,4069634.87513
346345.286317,4069634.93491
346345.352844,4069634.9929
346345.418228,4069635.04808
346345.484929,4069635.10755
346345.554374,4069635.16228
346345.617918,4069635.2255
346345.688557,4069635.28046
346345.75494,4069635.34154
346345.82842,4069635.39725
346345.894104,4069635.46081
346345.964317,4069635.51966
346346.032863,4069635.58236
346346.101389,4069635.64673
346346.168412,4069635.70477
346346.235083,4069635.76252
346346.302835,4069635.82246
346346.370737,4069635.88524
346346.440037,4069635.94848
346346.507593,4069636.00306
346346.57463,4069636.0674
346346.641993,4069636.125
346346.709748,4069636.19062
346346.779385,4069636.25608
346346.847985,4069636.3218
346346.919154,4069636.38692
346346.988964,4069636.44547
346347.062341,4069636.50649
346347.135976,4069636.56805
346347.207583,4069636.62718
346347.277112,4069636.68666
346347.343764,4069636.74059
346347.413463,4069636.80672
346347.486796,4069636.87359
346347.559341,4069636.9435
346347.630459,4069637.01133
346347.702952,4069637.07834
346347.774673,4069637.14383
346347.849762,4069637.209
346347.919355,4069637.272
346347.991002,4069637.3389
346348.063082,4069637.40228
346348.13501,4069637.46825
346348.210156,4069637.53108
346348.283159,4069637.59333
346348.35683,4069637.6597
346348.430275,4069637.72725
346348.503398,4069637.79345
346348.576788,4069637.8552
346348.652253,4069637.91371
346348.726611,4069637.97687
346348.800435,4069638.04065
346348.871387,4069638.1075
346348.943693,4069638.16964
346349.016397,4069638.23461
346349.088073,4069638.29486
346349.160099,4069638.35799
346349.229944,4069638.41845
346349.297279,4069638.48555
346349.366821,4069638.54571
346349.438005,4069638.60343
346349.512172,4069638.6587
346349.583473,4069638.71741
346349.653506,4069638.77731
346349.721898,4069638.83422
346349.788187,4069638.89555
346349.854844,4069638.95804
346349.918714,4069639.01731
346349.984533,4069639.07186
346350.04847,4069639.1238
346350.113527,4069639.18009
346350.174851,4069639.23293
346350.237913,4069639.28587
346350.300927,4069639.33887
346350.366567,4069639.39447
346350.431753,4069639.44417
346350.498307,4069639.48718
346350.565422,4069639.53098
346350.632795,4069639.58365
346350.701875,4069639.6485
346350.773585,4069639.7106
346350.845018,4069639.77109
346350.917582,4069639.82552
346350.986916,4069639.88241
346351.060743,4069639.94089
346351.131917,4069639.998
346351.205738,4069640.05888
346351.277172,4069640.11944
346351.349996,4069640.18558
346351.423701,4069640.24276
346351.495869,4069640.30275
346351.571059,4069640.35701
346351.645425,4069640.41511
346351.719593,4069640.47321
346351.792755,4069640.52781
346351.864403,4069640.58645
346351.938406,4069640.63815
346352.009923,4069640.69506
346352.08109,4069640.75457
346352.151085,4069640.81787
346352.221221,4069640.88073
346352.29066,4069640.93793
346352.359118,4069640.99299
346352.430198,4069641.04769
346352.500459,4069641.10093
346352.571497,4069641.15878
346352.638985,4069641.21787
346352.707197,4069641.28131
346352.774258,4069641.34423
346352.841293,4069641.40567
346352.911228,4069641.46563
346352.978787,4069641.52311
346353.049195,4069641.58184
346353.116223,4069641.6429
346353.190502,4069641.70162
346353.260459,4069641.76282
346353.333027,4069641.81749
346353.401809,4069641.8768
346353.472247,4069641.93713
346353.542286,4069642.00011
346353.613457,4069642.06536
346353.68428,4069642.11951
346353.753435,4069642.17474
346353.819329,4069642.22516
346353.887315,4069642.28159
346353.952628,4069642.34386
346354.0191,4069642.40709
346354.084772,4069642.47274
346354.156712,4069642.53385
346354.230268,4069642.59103
346354.304619,4069642.65104
346354.374495,4069642.71052
346354.444904,4069642.77473
346354.513592,4069642.84261
346354.584126,4069642.9083
346354.652447,4069642.97507
346354.721385,4069643.03475
346354.78946,4069643.0961
346354.858471,4069643.15713
346354.926945,4069643.21861
346354.995737,4069643.27847
346355.064188,4069643.33865
346355.131478,4069643.40051
346355.196619,4069643.4642
346355.261771,4069643.52857
346355.327846,4069643.59181
346355.39356,4069643.6598
346355.461862,4069643.72553
346355.531034,4069643.79272
346355.603793,4069643.85245
346355.674258,4069643.91432
346355.744698,4069643.97477
346355.814345,4069644.04078
346355.88446,4069644.10247
346355.951082,4069644.1686
346356.020015,4069644.23352
346356.088215,4069644.30184
346356.158745,4069644.36728
346356.226243,4069644.43241
346356.295447,4069644.4959
346356.366048,4069644.55702
346356.437317,4069644.61943
346356.506356,4069644.682
346356.57533,4069644.74643
346356.643494,4069644.81277
346356.710563,4069644.87612
346356.77917,4069644.9395
346356.846404,4069644.99822
346356.917968,4069645.05495
346356.98468,4069645.11226
346357.053466,4069645.16904
346357.118512,4069645.23298
346357.187278,4069645.29414
346357.255932,4069645.35462
346357.325241,4069645.41287
346357.392561,4069645.47085
346357.461125,4069645.53182
346357.528301,4069645.58734
346357.595559,4069645.64464
346357.658387,4069645.69838
346357.719032,4069645.75759
346357.77912,4069645.81348
346357.841385,4069645.87173
346357.905409,4069645.92576
346357.968093,4069645.97698
346358.030808,4069646.02721
346358.091032,4069646.07681
346358.14906,4069646.12848
346358.208234,4069646.1776
346358.268318,4069646.23047
346358.331808,4069646.28519
346358.391046,4069646.34337
346358.45489,4069646.40123
346358.517404,4069646.45677
346358.583346,4069646.51538
346358.647678,4069646.57003
346358.711694,4069646.63189
346358.776663,4069646.68602
346358.83908,4069646.74723
346358.902258,4069646.80664
346358.962209,4069646.87141
346359.023833,4069646.93541
346359.086159,4069646.99989
346359.147361,4069647.06525
346359.208921,4069647.13123
346359.270651,4069647.19559
346359.337382,4069647.25673
346359.40422,4069647.31552
346359.471896,4069647.37398
346359.5371,4069647.4357
346359.601689,4069647.49909
346359.666139,4069647.56575
346359.730085,4069647.63199
346359.794241,4069647.69613
346359.859082,4069647.75144
346359.92396,4069647.80884
346359.988259,4069647.86435
346360.051561,4069647.92788
346360.113462,4069647.98799
346360.1789,4069648.04619
346360.243621,4069648.10311
346360.311261,4069648.15682
346360.375993,4069648.2199
346360.437649,4069648.2802
346360.500383,4069648.34523
346360.561764,4069648.40677
346360.627018,4069648.46848
346360.690026,4069648.52672
346360.755548,4069648.58406
346360.821697,4069648.63762
346360.889947,4069648.69219
346360.956364,4069648.74685
346361.021391,4069648.81252
346361.082463,4069648.8817
346361.144145,4069648.94897
346361.204757,4069649.0091
346361.26451,4069649.06839
346361.325839,4069649.12703
346361.387629,4069649.18653
346361.450396,4069649.24514
346361.51258,4069649.30716
346361.574714,4069649.36924
346361.638014,4069649.43265
346361.701521,4069649.491
346361.763807,4069649.55049
346361.826524,4069649.61182
346361.888843,4069649.67587
346361.953556,4069649.73513
346362.017189,4069649.79225
346362.080395,4069649.84765
346362.142466,4069649.90899
346362.204871,4069649.96675
346362.265962,4069650.02872
346362.32765,4069650.08526
346362.389967,4069650.14647
346362.451369,4069650.20363
346362.512207,4069650.2653
346362.57144,4069650.32053
346362.631968,4069650.37875
346362.693113,4069650.43271
346362.756072,4069650.49372
346362.820813,4069650.55175
346362.885763,4069650.61593
346362.952302,4069650.6746
346363.016513,4069650.73905
346363.083662,4069650.79857
346363.149096,4069650.86207
346363.217098,4069650.92213
346363.283997,4069650.98154
346363.35308,4069651.0438
346363.422066,4069651.10619
346363.488792,4069651.17527
346363.554982,4069651.23938
346363.619252,4069651.30438
346363.684311,4069651.36905
346363.749792,4069651.43237
346363.818635,4069651.49507
346363.889464,4069651.55236
346363.956694,4069651.61084
346364.022061,4069651.67335
346364.082214,4069651.73836
346364.145942,4069651.80627
346364.208365,4069651.86779
346364.274394,4069651.93128
346364.337731,4069651.98847
346364.400457,4069652.04757
346364.462171,4069652.10559
346364.524436,4069652.16662
346364.587522,4069652.2264
346364.651465,4069652.28697
346364.71349,4069652.34849
346364.775421,4069652.41027
346364.837319,4069652.46742
346364.898346,4069652.5231
346364.960386,4069652.57988
346365.020705,4069652.63756
346365.084253,4069652.69548
346365.147395,4069652.75285
346365.211151,4069652.80855
346365.273372,4069652.8644
346365.335896,4069652.92056
346365.395799,4069652.9799
346365.454757,4069653.03914
346365.511533,4069653.09564
346365.57122,4069653.154
346365.630983,4069653.21107
346365.692603,4069653.27211
346365.754159,4069653.32686
346365.816861,4069653.38461
346365.878856,4069653.43893
346365.941594,4069653.49594
346366.004654,4069653.55153
346366.068607,4069653.60988
346366.131389,4069653.66658
346366.194333,4069653.72673
346366.253051,4069653.78641
346366.313903,4069653.84617
346366.372872,4069653.90047
346366.435849,4069653.95421
346366.496545,4069654.01077
346366.559808,4069654.0666
346366.620095,4069654.12248
346366.680793,4069654.17639
346366.741996,4069654.23355
346366.803852,4069654.2912
346366.868771,4069654.35082
346366.933316,4069654.40903
346367.000715,4069654.4659
346367.065043,4069654.52307
346367.13006,4069654.58263
346367.195597,4069654.6436
346367.2595,4069654.70466
346367.323158,4069654.76597
346367.385946,4069654.82847
346367.449681,4069654.89126
346367.514328,4069654.95514
346367.579585,4069655.01427
346367.647792,4069655.0747
346367.714462,4069655.13522
346367.781621,4069655.19807
346367.847527,4069655.2602
346367.912308,4069655.32322
346367.979757,4069655.38563
346368.042867,4069655.44955
346368.110489,4069655.50776
346368.172045,4069655.568
346368.238077,4069655.62613
346368.30183,4069655.68719
346368.367385,4069655.75186
346368.430815,4069655.81151
346368.492679,4069655.8723
346368.553955,4069655.93076
346368.614765,4069655.99366
346368.674542,4069656.05708
346368.735382,4069656.11887
346368.795961,4069656.17993
346368.857911,4069656.24004
346368.918559,4069656.29943
346368.979761,4069656.36208
346369.043314,4069656.42025
346369.107991,4069656.48025
346369.172138,4069656.53835
346369.233929,4069656.59791
346369.296041,4069656.65869
346369.361318,4069656.71621
346369.424694,4069656.77833
346369.488573,4069656.8381
346369.551587,4069656.89942
346369.616692,4069656.95842
346369.680554,4069657.01727
346369.744852,4069657.07548
346369.806788,4069657.13202
346369.867757,4069657.18999
346369.927385,4069657.24786
346369.987038,4069657.30986
346370.047377,4069657.36864
346370.109349,4069657.42714
346370.170232,4069657.48031
346370.231794,4069657.53537
346370.289049,4069657.59371
346370.34784,4069657.65468
346370.406496,4069657.71367
346370.465381,4069657.77156
346370.524698,4069657.82869
346370.582148,4069657.88685
346370.640966,4069657.94652
346370.699332,4069658.00318
346370.758342,4069658.05977
346370.818671,4069658.11251
346370.880178,4069658.16726
346370.939258,4069658.22224
346370.999183,4069658.28005
346371.059405,4069658.34062
346371.122218,4069658.39905
346371.184091,4069658.45755
346371.243309,4069658.51469
346371.305046,4069658.574
346371.365278,4069658.63236
346371.427764,4069658.6919
346371.489058,4069658.75412
346371.553204,4069658.81493
346371.618113,4069658.87406
346371.681464,4069658.93205
346371.741088,4069658.99244
346371.799586,4069659.05089
346371.859445,4069659.1106
346371.92196,4069659.1662
346371.984089,4069659.22249
346372.043812,4069659.27733
346372.101226,4069659.33068
346372.158369,4069659.38557
346372.217015,4069659.43847
346372.274586,4069659.49502
346372.334681,4069659.55128
346372.392239,4069659.60992
346372.451955,4069659.6644
346372.508226,4069659.71487
346372.563253,4069659.76518
346372.617499,4069659.8134
346372.670432,4069659.86307
