346245.599289,4069676.08944
346245.615533,4069676.09895
346245.639863,4069676.12774
346245.680039,4069676.15217
346245.720654,4069676.20101
346245.771785,4069676.23874
346245.816642,4069676.28344
346245.878593,4069676.34355
346245.93338,4069676.40249
346245.983635,4069676.44949
346246.042107,4069676.49819
346246.097097,4069676.54363
346246.14615,4069676.58991
346246.194294,4069676.64361
346246.241772,4069676.69344
346246.298097,4069676.73034
346246.34266,4069676.77523
346246.39389,4069676.81851
346246.437144,4069676.86508
346246.483583,4069676.90679
346246.53003,4069676.94887
346246.575416,4069676.99817
346246.612878,4069677.02894
346246.663336,4069677.0789
346246.711251,4069677.11984
346246.751478,4069677.16369
346246.789316,4069677.20703
346246.833137,4069677.24379
346246.882845,4069677.27693
346246.914338,4069677.31502
346246.94939,4069677.34417
346246.984762,4069677.37461
346247.017388,4069677.40954
346247.044634,4069677.43494
346247.076597,4069677.45786
346247.107963,4069677.48892
346247.145561,4069677.51895
346247.178445,4069677.55165
346247.218605,4069677.58348
346247.266411,4069677.63497
346247.317751,4069677.67603
346247.384837,4069677.7403
346247.449482,4069677.79296
346247.519211,4069677.87179
346247.594853,4069677.92352
346247.668854,4069678.0082
346247.746904,4069678.078
346247.832843,4069678.14785
346247.908897,4069678.23083
346247.988936,4069678.31188
346248.084492,4069678.38692
346248.162351,4069678.46265
346248.244383,4069678.53867
346248.317119,4069678.60266
346248.395473,4069678.67283
346248.461068,4069678.73694
346248.540854,4069678.80394
346248.609797,4069678.86393
346248.677493,4069678.93725
346248.746714,4069678.99612
346248.818499,4069679.06511
346248.890973,4069679.12281
346248.960807,4069679.19092
346249.032149,4069679.2601
346249.102729,4069679.32006
346249.167686,4069679.38178
346249.235687,4069679.439
346249.301193,4069679.50644
346249.364489,4069679.55857
346249.429582,4069679.62787
346249.496273,4069679.67846
346249.562404,4069679.73924
346249.62723,4069679.79375
346249.685489,4069679.8554
346249.76045,4069679.91897
346249.824576,4069679.9759
346249.892751,4069680.04274
346249.966144,4069680.1019
346250.03099,4069680.17398
346250.100997,4069680.22692
346250.163647,4069680.29274
346250.223042,4069680.35142
346250.304536,4069680.41414
346250.373975,4069680.46856
346250.442374,4069680.53965
346250.525785,4069680.59308
346250.597756,4069680.67243
346250.674004,4069680.74135
346250.758562,4069680.82547
346250.832763,4069680.88813
346250.917379,4069680.95893
346251.001066,4069681.02771
346251.077764,4069681.0968
346251.161768,4069681.16668
346251.241352,4069681.23905
346251.324493,4069681.30229
346251.409798,4069681.38658
346251.499179,4069681.45748
346251.586985,4069681.5567
346251.671286,4069681.61826
346251.761986,4069681.69635
346251.852126,4069681.78462
346251.954503,4069681.85824
346252.039912,4069681.92348
346252.129846,4069682.00861
346252.21475,4069682.08717
346252.308779,4069682.16002
346252.402687,4069682.24267
346252.488051,4069682.32197
346252.579744,4069682.40558
346252.681136,4069682.48237
346252.767131,4069682.58015
346252.858631,4069682.65304
346252.961222,4069682.74682
346253.049406,4069682.8257
346253.154251,4069682.91241
346253.250489,4069682.99224
346253.346423,4069683.07172
346253.445476,4069683.15909
346253.546172,4069683.2468
346253.634433,4069683.32992
346253.730453,4069683.4142
346253.829763,4069683.49103
346253.926024,4069683.57216
346254.028661,4069683.66021
346254.128066,4069683.74239
346254.221702,4069683.81821
346254.325281,4069683.90901
346254.417902,4069683.98632
346254.516237,4069684.06686
346254.608862,4069684.15268
346254.708588,4069684.22783
346254.804571,4069684.30176
346254.904647,4069684.37986
346255.000186,4069684.44565
346255.106287,4069684.52772
346255.202376,4069684.60756
346255.296798,4069684.67744
346255.394452,4069684.76151
346255.498197,4069684.82845
346255.604658,4069684.9057
346255.704076,4069684.9803
346255.812794,4069685.05066
346255.915535,4069685.12798
346256.0196,4069685.19621
346256.131003,4069685.26689
346256.231601,4069685.34092
346256.348969,4069685.42056
346256.456853,4069685.48595
346256.567882,4069685.56071
346256.688221,4069685.63179
346256.801595,4069685.70448
346256.921024,4069685.77465
346257.043906,4069685.84642
346257.162627,4069685.91032
346257.281795,4069685.97421
346257.406725,4069686.03577
346257.534512,4069686.09895
346257.652978,4069686.15693
346257.784253,4069686.22374
346257.909223,4069686.2792
346258.042071,4069686.34248
346258.172459,4069686.40135
346258.300558,4069686.4488
346258.429737,4069686.50659
346258.556847,4069686.55702
346258.689628,4069686.60827
346258.819775,4069686.66197
346258.951795,4069686.71231
346259.081571,4069686.76195
346259.213944,4069686.8071
346259.34821,4069686.85814
346259.475085,4069686.89544
346259.605438,4069686.93582
346259.737487,4069686.9795
346259.866021,4069687.01807
346259.99538,4069687.06106
346260.127789,4069687.09992
346260.266764,4069687.13978
346260.394392,4069687.16929
346260.526599,4069687.2052
346260.659196,4069687.23796
346260.79175,4069687.26831
346260.922433,4069687.30221
346261.058295,4069687.32622
346261.195857,4069687.35371
346261.328059,4069687.37278
346261.457022,4069687.39377
346261.594626,4069687.41534
346261.728832,4069687.43826
346261.875885,4069687.45559
346262.01609,4069687.46454
346262.144033,4069687.47851
346262.282076,4069687.49138
346262.403976,4069687.50861
346262.540375,4069687.51281
346262.661756,4069687.52598
346262.792895,4069687.53564
346262.914509,4069687.53697
346263.041002,4069687.53654
346263.166302,4069687.53595
346263.296693,4069687.53712
346263.413789,4069687.52724
346263.549749,4069687.53182
346263.669732,4069687.52523
346263.797348,4069687.51276
346263.91954,4069687.51315
346264.044223,4069687.50313
346264.167842,4069687.49185
346264.291048,4069687.48241
346264.412555,4069687.4695
346264.532242,4069687.45477
346264.653534,4069687.44648
346264.765761,4069687.41413
346264.889426,4069687.40543
346265.018609,4069687.38905
346265.140852,4069687.37575
346265.267538,4069687.35294
346265.393743,4069687.31996
346265.513555,4069687.28729
346265.643552,4069687.25831
346265.777628,4069687.21613
346265.907522,4069687.1731
346266.035692,4069687.11697
346266.172687,4069687.07159
346266.305026,4069687.01557
346266.43779,4069686.95011
346266.569728,4069686.88836
346266.702884,4069686.8364
346266.833631,4069686.76635
346266.961148,4069686.69876
346267.090424,4069686.63798
346267.219187,4069686.56519
346267.347338,4069686.48317
346267.468787,4069686.40922
346267.594074,4069686.32521
346267.715879,4069686.23793
346267.832465,4069686.15833
346267.942876,4069686.06645
346268.064999,4069685.98028
346268.176997,4069685.8856
346268.282363,4069685.79455
346268.386595,4069685.69834
346268.490559,4069685.6038
346268.603233,4069685.51355
346268.704826,4069685.4196
346268.804278,4069685.32237
346268.900128,4069685.22354
346268.9971,4069685.12913
346269.087082,4069685.03503
346269.184608,4069684.93006
346269.268659,4069684.82885
346269.356965,4069684.73256
346269.444271,4069684.62205
346269.529545,4069684.52266
346269.611923,4069684.41945
346269.689747,4069684.31133
346269.772958,4069684.21309
346269.842342,4069684.10734
346269.918147,4069684.00276
346269.990894,4069683.90194
346270.0636,4069683.79058
346270.132485,4069683.6902
346270.199789,4069683.58467
346270.273278,4069683.49197
346270.344756,4069683.39506
346270.418025,4069683.29848
346270.491392,4069683.20727
346270.56876,4069683.10692
346270.646553,4069683.01359
346270.721969,4069682.92049
346270.797805,4069682.82591
346270.871223,4069682.72933
346270.9501,4069682.63006
346271.024081,4069682.53995
346271.097308,4069682.44097
346271.166111,4069682.34429
346271.237057,4069682.2509
346271.310275,4069682.15969
346271.381347,4069682.07333
346271.450164,4069681.98571
346271.521279,4069681.89343
346271.592365,4069681.8078
346271.662356,4069681.71924
346271.732951,4069681.6229
346271.804374,4069681.53949
346271.881668,4069681.45153
346271.954169,4069681.36182
346272.02497,4069681.27694
346272.099824,4069681.1857
346272.168834,4069681.10048
346272.245678,4069681.01235
346272.321152,4069680.93072
346272.397824,4069680.84129
346272.472259,4069680.75154
346272.54386,4069680.66147
346272.618361,4069680.57542
346272.696732,4069680.48115
346272.775184,4069680.39965
346272.855294,4069680.30277
346272.930899,4069680.21188
346273.012055,4069680.12349
346273.089826,4069680.03719
346273.170839,4069679.94917
346273.248589,4069679.85344
346273.328095,4069679.76433
346273.411959,4069679.67756
346273.488338,4069679.58832
346273.574979,4069679.50704
346273.657663,4069679.42084
346273.731703,4069679.32573
346273.820104,4069679.24294
346273.899233,4069679.15773
346273.979441,4069679.07453
346274.058897,4069678.98265
346274.137003,4069678.90671
346274.220375,4069678.82567
346274.29554,4069678.73517
346274.377402,4069678.66119
346274.451129,4069678.57348
346274.530255,4069678.48808
346274.60524,4069678.41238
346274.685398,4069678.32641
346274.760055,4069678.24904
346274.842457,4069678.15545
346274.915818,4069678.07219
346275.000574,4069677.98539
346275.076748,4069677.90134
346275.158715,4069677.81663
346275.240723,4069677.72601
346275.317995,4069677.64508
346275.399575,4069677.56371
346275.478041,4069677.48294
346275.559426,4069677.39899
346275.636437,4069677.3201
346275.718559,4069677.23576
346275.79801,4069677.16016
346275.877365,4069677.07919
346275.962902,4069676.99442
346276.039232,4069676.91074
346276.126498,4069676.83111
346276.200221,4069676.7349
346276.279431,4069676.65412
346276.361767,4069676.56515
346276.443556,4069676.48711
346276.523897,4069676.4113
346276.613071,4069676.33016
346276.688657,4069676.24649
346276.76867,4069676.16903
346276.852544,4069676.08281
346276.936892,4069676.00638
346277.017512,4069675.92133
346277.104399,4069675.84541
346277.189147,4069675.76638
346277.270132,4069675.68502
346277.354311,4069675.60748
346277.439686,4069675.52197
346277.52115,4069675.44245
346277.609783,4069675.36428
346277.701655,4069675.2842
346277.785368,4069675.20557
346277.871725,4069675.12503
346277.947576,4069675.04783
346278.036274,4069674.96504
346278.118459,4069674.88421
346278.202063,4069674.79947
346278.288873,4069674.7193
346278.374761,4069674.63748
346278.457339,4069674.55368
346278.536651,4069674.47032
346278.627659,4069674.38359
346278.708267,4069674.2978
346278.791993,4069674.2199
346278.880929,4069674.13377
346278.968142,4069674.05119
346279.058371,4069673.96245
346279.138632,4069673.88221
346279.226129,4069673.79888
346279.311633,4069673.71226
346279.401393,4069673.63055
346279.487002,4069673.54152
346279.574622,4069673.45671
346279.663224,4069673.36855
346279.747273,4069673.28381
346279.837531,4069673.19673
346279.920979,4069673.11162
346280.009495,4069673.02698
346280.09158,4069672.9406
346280.176711,4069672.85806
346280.260714,4069672.77072
346280.345557,4069672.68874
346280.430283,4069672.60028
346280.519478,4069672.52025
346280.605861,4069672.43287
346280.689193,4069672.34961
346280.774373,4069672.26152
346280.860498,4069672.17636
346280.941582,4069672.09223
346281.02743,4069672.00819
346281.115057,4069671.92375
346281.196561,4069671.83812
346281.279079,4069671.751
346281.366484,4069671.66249
346281.450305,4069671.58163
346281.533902,4069671.49652
346281.617055,4069671.41161
346281.701303,4069671.32963
346281.78454,4069671.24934
346281.865488,4069671.16594
346281.95086,4069671.08025
346282.030618,4069670.99687
346282.116655,4069670.91505
346282.198995,4069670.82627
346282.279712,4069670.74657
346282.362575,4069670.66203
346282.44354,4069670.57956
346282.524117,4069670.4921
346282.605483,4069670.41536
346282.681938,4069670.33038
346282.763816,4069670.249
346282.84327,4069670.16526
346282.927366,4069670.0831
346283.005435,4069670.00512
346283.083901,4069669.92436
346283.16758,4069669.83555
346283.244815,4069669.75259
346283.325219,4069669.67198
346283.403439,4069669.58586
346283.482146,4069669.50195
346283.560473,4069669.42174
346283.63753,4069669.33712
346283.714389,4069669.25805
346283.792987,4069669.17636
346283.865611,4069669.09349
346283.946381,4069669.01675
346284.021385,4069668.93383
346284.099814,4069668.85104
346284.176911,4069668.76864
346284.259116,4069668.68059
346284.3377,4069668.59817
346284.411167,4069668.52082
346284.49284,4069668.4363
346284.574251,4069668.35382
346284.651084,4069668.27328
346284.730792,4069668.18713
346284.807899,4069668.10528
346284.890335,4069668.02186
346284.96205,4069667.93807
346285.038575,4069667.85698
346285.122945,4069667.77352
346285.200498,4069667.69166
346285.277787,4069667.61166
346285.354725,4069667.52871
346285.431329,4069667.44373
346285.512926,4069667.36328
346285.594363,4069667.27395
346285.672928,4069667.19042
346285.749809,4069667.10432
346285.8317,4069667.02368
346285.907058,4069666.93558
346285.98608,4069666.86091
346286.060425,4069666.77449
346286.138173,4069666.68689
346286.213376,4069666.60675
346286.293606,4069666.51652
346286.373824,4069666.43388
346286.451351,4069666.35054
346286.527316,4069666.26317
346286.60606,4069666.18129
346286.684793,4069666.09886
346286.765692,4069666.01269
346286.836586,4069665.92466
346286.917644,4069665.84737
346286.99554,4069665.75977
346287.072681,4069665.67978
346287.149245,4069665.59257
346287.219716,4069665.51418
346287.298188,4069665.42546
346287.379752,4069665.34316
346287.452745,4069665.25603
346287.536377,4069665.16463
346287.615987,4069665.08126
346287.693916,4069664.98719
346287.777205,4069664.90153
346287.858338,4069664.81184
346287.942006,4069664.72248
346288.022885,4069664.6352
346288.105274,4069664.54086
346288.191846,4069664.4557
346288.27473,4069664.35581
346288.360921,4069664.26603
346288.445806,4069664.1698
346288.532942,4069664.07464
346288.620767,4069663.98465
346288.708796,4069663.88947
346288.793691,4069663.79379
346288.880701,4069663.69993
346288.965959,4069663.59963
346289.048919,4069663.49566
346289.140046,4069663.39895
346289.223475,4069663.29627
346289.313765,4069663.1944
346289.405575,4069663.09434
346289.490608,4069662.98979
346289.57814,4069662.88352
346289.660819,4069662.78049
346289.747805,4069662.67701
346289.831472,4069662.571
346289.917301,4069662.46107
346290.001725,4069662.35578
346290.089739,4069662.24322
346290.177366,4069662.13399
346290.260996,4069662.01762
346290.352045,4069661.90834
346290.435146,4069661.79568
346290.519939,4069661.67781
346290.60225,4069661.5709
346290.684845,4069661.45492
346290.768066,4069661.34891
346290.849543,4069661.23702
346290.933709,4069661.12564
346291.014665,4069661.01783
346291.09517,4069660.90152
346291.178694,4069660.78756
346291.263411,4069660.67376
346291.34354,4069660.56134
346291.423913,4069660.44595
346291.500762,4069660.33322
346291.582709,4069660.22262
346291.664256,4069660.10629
346291.745157,4069659.98719
346291.82586,4069659.86533
346291.911212,4069659.74542
346291.996156,4069659.61941
346292.078959,4069659.49843
346292.163393,4069659.36891
346292.250064,4069659.24787
346292.334354,4069659.12686
346292.417037,4069658.99923
346292.504342,4069658.87207
346292.584829,4069658.74651
346292.666781,4069658.61963
346292.751236,4069658.49122
346292.835691,4069658.36281
346292.91768,4069658.23797
346292.996375,4069658.11207
346293.077911,4069657.98686
346293.159067,4069657.86536
346293.238314,4069657.73705
346293.319232,4069657.61056
346293.399409,4069657.48426
346293.477715,4069657.36152
346293.55611,4069657.24376
346293.633454,4069657.11715
346293.708437,4069657.00001
346293.784981,4069656.87859
346293.868802,4069656.7563
346293.94645,4069656.63005
346294.024094,4069656.50362
346294.099041,4069656.38445
346294.177,4069656.25893
346294.255837,4069656.13266
346294.330179,4069656.00463
346294.41305,4069655.87921
346294.492017,4069655.75183
346294.571816,4069655.6211
346294.651355,4069655.49241
346294.735412,4069655.35847
346294.817486,4069655.2301
346294.8963,4069655.09422
346294.977117,4069654.95385
346295.059653,4069654.81808
346295.136972,4069654.68185
346295.219076,4069654.54683
346295.29865,4069654.41185
346295.383464,4069654.27863
346295.463878,4069654.14068
346295.544415,4069654.00957
346295.624434,4069653.86626
346295.70624,4069653.73125
346295.785341,4069653.5948
346295.865563,4069653.45445
346295.946959,4069653.32147
346296.028136,4069653.17629
346296.111515,4069653.03774
346296.19087,4069652.89888
346296.274653,4069652.75791
346296.354612,4069652.61127
346296.437479,4069652.46902
346296.519825,4069652.32271
346296.608877,4069652.17684
346296.689465,4069652.03204
346296.775641,4069651.89177
346296.853949,4069651.75256
346296.938545,4069651.61546
346297.014974,4069651.4711
346297.101633,4069651.33285
346297.187352,4069651.19203
346297.271297,4069651.0518
346297.353118,4069650.90938
346297.44219,4069650.76462
346297.524246,4069650.61868
346297.613328,4069650.47447
346297.698376,4069650.32941
346297.789124,4069650.18683
346297.879399,4069650.04279
346297.974716,4069649.89772
346298.06679,4069649.75438
346298.167043,4069649.60239
346298.259729,4069649.46829
346298.358462,4069649.32279
346298.449743,4069649.18502
346298.545827,4069649.04123
346298.646804,4069648.89644
346298.748969,4069648.75144
346298.85871,4069648.60575
346298.954408,4069648.4653
346299.055174,4069648.32532
346299.16544,4069648.19219
346299.261291,4069648.06025
346299.36836,4069647.93144
346299.46729,4069647.8135
346299.569692,4069647.68995
346299.667423,4069647.57981
346299.762254,4069647.46564
346299.863725,4069647.35654
346299.952712,4069647.2484
346300.0488,4069647.14623
346300.141081,4069647.04746
346300.231319,4069646.95095
346300.319824,4069646.85743
346300.403685,4069646.76215
346300.485155,4069646.67467
346300.56895,4069646.58401
346300.637834,4069646.50009
346300.711285,4069646.4135
346300.781003,4069646.33456
346300.849544,4069646.25638
346300.913345,4069646.1794
346300.989467,4069646.10072
346301.050256,4069646.03008
346301.111534,4069645.95351
346301.180023,4069645.88069
346301.242267,4069645.80818
346301.3119,4069645.73275
346301.376854,4069645.65371
346301.438859,4069645.57621
346301.503328,4069645.50328
346301.570381,4069645.42513
346301.642378,4069645.34874
346301.704015,4069645.26736
346301.777364,4069645.19168
346301.843945,4069645.11206
346301.916846,4069645.02807
346301.986694,4069644.94801
346302.061608,4069644.8601
346302.135928,4069644.7722
346302.212829,4069644.67889
346302.292302,4069644.58794
346302.36923,4069644.49611
346302.450644,4069644.40549
346302.52971,4069644.30844
346302.612589,4069644.2165
346302.694257,4069644.12347
346302.777552,4069644.02154
346302.859332,4069643.92647
346302.946948,4069643.82483
346303.031009,4069643.72418
346303.12689,4069643.62701
346303.215219,4069643.51537
346303.308461,4069643.41214
346303.401194,4069643.30542
346303.502642,4069643.20334
346303.592449,4069643.09944
346303.698701,4069642.99136
346303.796604,4069642.8825
346303.89985,4069642.77281
346303.996642,4069642.66009
346304.10088,4069642.5476
346304.200815,4069642.42761
346304.305407,4069642.31827
346304.407489,4069642.20175
346304.516288,4069642.08641
346304.628834,4069641.97248
346304.729854,4069641.84655
346304.84316,4069641.73354
346304.951397,4069641.61173
346305.058338,4069641.49235
346305.169101,4069641.37032
346305.279005,4069641.25015
346305.388201,4069641.13203
346305.49829,4069641.01389
346305.611114,4069640.89884
346305.719659,4069640.78591
346305.832562,4069640.66698
346305.938975,4069640.55964
346306.043544,4069640.449
346306.153002,4069640.33716
346306.257993,4069640.22522
346306.365016,4069640.1186
346306.477079,4069640.00265
346306.586873,4069639.8847
346306.701438,4069639.7589
346306.81921,4069639.63766
346306.938572,4069639.5138
346307.060735,4069639.38842
346307.187178,4069639.26111
346307.305369,4069639.13006
346307.432194,4069639.00737
346307.549991,4069638.87929
346307.677252,4069638.75603
346307.803781,4069638.6252
346307.922832,4069638.49229
346308.048961,4069638.36406
346308.167853,4069638.2306
346308.294911,4069638.10439
346308.413873,4069637.9748
346308.535205,4069637.84463
346308.655592,4069637.71983
346308.770788,4069637.59605
346308.888458,4069637.46908
346309.005998,4069637.34322
346309.120645,4069637.21372
346309.244302,4069637.08868
346309.364761,4069636.95963
346309.485485,4069636.82872
346309.605428,4069636.69579
346309.732651,4069636.56218
346309.853404,4069636.43293
346309.975444,4069636.30071
346310.097235,4069636.17126
346310.215965,4069636.03706
346310.335691,4069635.90857
346310.45085,4069635.78276
346310.56092,4069635.66351
346310.675822,4069635.53992
346310.787917,4069635.41749
346310.899695,4069635.29396
346311.012763,4069635.17595
346311.12743,4069635.04756
346311.243489,4069634.9221
346311.359363,4069634.79461
346311.471994,4069634.66884
346311.588146,4069634.54024
346311.707326,4069634.41454
346311.819398,4069634.29081
346311.929494,4069634.17304
346312.042696,4069634.04597
346312.152834,4069633.92228
346312.262464,4069633.80341
346312.368169,4069633.68147
346312.475292,4069633.56394
346312.580532,4069633.44922
346312.681092,4069633.33088
346312.783181,4069633.21473
346312.887068,4069633.0993
346312.98744,4069632.97874
346313.091277,4069632.86053
346313.192486,4069632.74514
346313.296753,4069632.626
346313.400689,4069632.50501
346313.506549,4069632.38344
346313.612757,4069632.26463
346313.715219,4069632.14441
346313.820332,4069632.02266
346313.923766,4069631.90686
346314.028141,4069631.78549
346314.130078,4069631.66917
346314.236696,4069631.55664
346314.339641,4069631.43844
346314.447957,4069631.31275
346314.556485,4069631.19057
346314.667017,4069631.07224
346314.780161,4069630.95016
346314.891969,4069630.8283
346315.006458,4069630.70656
346315.120432,4069630.58928
346315.233927,4069630.47016
346315.349561,4069630.35414
346315.462368,4069630.23817
346315.572394,4069630.11652
346315.683409,4069630.00021
346315.792691,4069629.87857
346315.900377,4069629.75918
346316.01117,4069629.63881
346316.117391,4069629.52074
346316.225352,4069629.40838
346316.328832,4069629.29517
346316.43755,4069629.18353
346316.545971,4069629.07189
346316.650245,4069628.96144
346316.755287,4069628.85227
346316.861043,4069628.74143
346316.966894,4069628.62762
346317.073102,4069628.50881
346317.175218,4069628.40247
346317.282844,4069628.28807
346317.385618,4069628.17691
346317.487701,4069628.06872
346317.588329,4069627.9624
346317.696677,4069627.85502
346317.797226,4069627.75259
346317.903462,4069627.64359
346317.9974,4069627.55422
346318.076242,4069627.46125
346318.165328,4069627.37512
346318.242604,4069627.29438
346318.320693,4069627.20918
346318.404357,4069627.12777
346318.479372,4069627.05373
346318.55471,4069626.96452
346318.6344,4069626.88558
346318.713148,4069626.80389
346318.797162,4069626.72544
346318.880601,4069626.63978
346318.959867,4069626.55382
346319.053392,4069626.46631
346319.142582,4069626.36945
346319.243447,4069626.27627
346319.3379,4069626.17413
346319.435967,4069626.07434
346319.540318,4069625.96814
346319.637184,4069625.86781
346319.742772,4069625.76418
346319.839159,4069625.66201
346319.945584,4069625.56354
346320.046358,4069625.45704
346320.151942,4069625.35322
346320.263964,4069625.24319
346320.378305,4069625.12978
346320.498177,4069625.00943
346320.620131,4069624.88072
346320.734751,4069624.7662
346320.855918,4069624.64343
346320.975566,4069624.52715
346321.087673,4069624.4136
346321.198648,4069624.29508
346321.315274,4069624.17627
346321.438219,4069624.04476
346321.560392,4069623.91993
346321.677298,4069623.79187
346321.800056,4069623.66647
346321.913392,4069623.55512
346322.031254,4069623.43055
346322.140124,4069623.3191
346322.245233,4069623.21363
346322.357653,4069623.10099
346322.462295,4069622.99442
346322.573527,4069622.89014
346322.677022,4069622.78599
346322.77942,4069622.68704
346322.880305,4069622.59496
346322.974464,4069622.50134
346323.073666,4069622.4067
346323.16857,4069622.32139
346323.263749,4069622.23478
346323.348341,4069622.14706
346323.444433,4069622.06987
346323.53016,4069621.98731
346323.614073,4069621.91145
346323.696484,4069621.83487
346323.78135,4069621.77064
346323.853169,4069621.70091
346323.935508,4069621.62859
346324.00985,4069621.55844
346324.082862,4069621.48888
346324.152939,4069621.42159
346324.227751,4069621.35273
346324.295058,4069621.29695
346324.368561,4069621.22978
346324.438202,4069621.17138
346324.509341,4069621.1135
346324.579118,4069621.04602
346324.658992,4069620.98558
346324.734207,4069620.92264
346324.811161,4069620.85707
346324.887513,4069620.79114
346324.970223,4069620.72288
346325.049792,4069620.65375
346325.139952,4069620.59424
346325.22525,4069620.52926
346325.310757,4069620.45929
346325.403825,4069620.3877
346325.49311,4069620.31266
346325.586109,4069620.24551
346325.683095,4069620.17662
346325.786178,4069620.11576
346325.882728,4069620.05576
346325.981949,4069619.98702
346326.084643,4069619.92931
346326.191141,4069619.86802
346326.288332,4069619.80228
346326.398782,4069619.74554
346326.50875,4069619.6951
346326.618188,4069619.64005
346326.736484,4069619.58095
346326.857279,4069619.52847
346326.986098,4069619.46696
346327.116137,4069619.41542
346327.252974,4069619.36117
346327.397388,4069619.30623
346327.540392,4069619.25556
346327.684264,4069619.20359
346327.837483,4069619.14997
346327.98545,4069619.1105
346328.13544,4069619.06766
346328.29603,4069619.02667
346328.448563,4069618.99285
346328.612795,4069618.964
346328.77777,4069618.93514
346328.948035,4069618.91081
346329.112383,4069618.88843
346329.284167,4069618.87406
346329.45333,4069618.8712
346329.619586,4069618.85563
346329.786549,4069618.8628
346329.948399,4069618.85878
346330.111052,4069618.87454
346330.267921,4069618.88318
346330.420547,4069618.88765
346330.566672,4069618.90296
346330.723743,4069618.91456
346330.87728,4069618.92826
346331.028537,4069618.94756
346331.188863,4069618.97464
346331.348196,4069618.99618
346331.511931,4069619.02246
346331.675955,4069619.06483
346331.839177,4069619.09574
346332.00251,4069619.13276
346332.163806,4069619.1724
346332.32255,4069619.21911
346332.488824,4069619.27069
346332.653229,4069619.32599
346332.817132,4069619.37816
346332.978222,4069619.43945
346333.144923,4069619.50655
346333.301024,4069619.56349
346333.453538,4069619.62789
346333.605851,4069619.69765
346333.763609,4069619.76399
346333.907168,4069619.83521
346334.054591,4069619.90618
346334.199502,4069619.97811
346334.342427,4069620.06377
346334.491272,4069620.13101
346334.625957,4069620.20535
346334.764423,4069620.26648
346334.901339,4069620.34078
346335.037886,4069620.41934
346335.175752,4069620.49676
346335.311201,4069620.5722
346335.448957,4069620.64352
346335.581576,4069620.71882
346335.721664,4069620.80397
346335.857796,4069620.89253
346335.987703,4069620.96603
346336.128714,4069621.05283
346336.255873,4069621.14728
346336.386953,4069621.23629
346336.528443,4069621.32494
346336.660898,4069621.40764
346336.78375,4069621.48607
346336.925975,4069621.57415
346337.047563,4069621.665
346337.185544,4069621.74057
346337.304777,4069621.82462
346337.436348,4069621.90789
346337.568931,4069621.98948
346337.712211,4069622.07828
346337.849915,4069622.16329
346337.999086,4069622.24865
346338.142151,4069622.34207
346338.282336,4069622.43259
346338.421499,4069622.52423
346338.558553,4069622.61443
346338.700018,4069622.68514
346338.830794,4069622.77379
346338.967189,4069622.86049
346339.089807,4069622.94244
346339.215341,4069623.02101
346339.333397,4069623.10582
346339.45897,4069623.17829
346339.580326,4069623.26452
346339.697695,4069623.35249
346339.824868,4069623.43121
346339.940587,4069623.51847
346340.064628,4069623.60502
346340.187421,4069623.68845
346340.300454,4069623.76706
346340.420429,4069623.85924
346340.536335,4069623.94039
346340.650926,4069624.02285
346340.771519,4069624.11631
346340.880122,4069624.19685
346340.991516,4069624.28363
346341.113742,4069624.36855
346341.216055,4069624.46345
346341.331363,4069624.54442
346341.435552,4069624.62782
346341.541554,4069624.71266
346341.643343,4069624.79499
346341.750009,4069624.87538
346341.835794,4069624.96151
346341.939265,4069625.03808
346342.032037,4069625.13203
346342.131508,4069625.20959
346342.225748,4069625.28595
346342.323567,4069625.37094
346342.413219,4069625.44868
346342.503506,4069625.52863
346342.587219,4069625.59889
346342.686482,4069625.67312
346342.773436,4069625.7498
346342.856336,4069625.82451
346342.948193,4069625.90073
346343.031592,4069625.97007
346343.118066,4069626.04491
346343.208645,4069626.10802
346343.290381,4069626.17591
346343.37379,4069626.2458
346343.45797,4069626.31717
346343.536403,4069626.39178
346343.622007,4069626.4596
346343.704279,4069626.53247
346343.786296,4069626.59944
346343.866871,4069626.66069
346343.947102,4069626.72768
346344.029972,4069626.79241
346344.102969,4069626.86268
346344.186937,4069626.93053
346344.265717,4069626.99959
346344.345525,4069627.06788
346344.436872,4069627.13227
346344.518981,4069627.19609
346344.603151,4069627.27522
346344.693425,4069627.35442
346344.786541,4069627.42618
346344.877042,4069627.5015
346344.971237,4069627.58359
346345.067885,4069627.66139
346345.163768,4069627.73809
346345.259676,4069627.82441
346345.356052,4069627.89537
346345.453636,4069627.97555
346345.55187,4069628.05054
346345.643946,4069628.13064
346345.740792,4069628.21121
346345.842644,4069628.29705
346345.934974,4069628.37474
346346.043584,4069628.45565
346346.130116,4069628.54195
346346.231372,4069628.61948
346346.326334,4069628.70286
346346.422301,4069628.78418
346346.51971,4069628.87121
346346.612347,4069628.94945
346346.708196,4069629.03244
346346.801953,4069629.10678
346346.892182,4069629.20004
346346.991369,4069629.27835
346347.082344,4069629.36346
346347.173196,4069629.44173
346347.268922,4069629.5262
346347.361041,4069629.61703
346347.454988,4069629.69358
346347.552278,4069629.78228
346347.641235,4069629.8628
346347.736413,4069629.94987
346347.830604,4069630.02346
346347.920467,4069630.10471
346348.003378,4069630.1883
346348.100496,4069630.26738
346348.15903,4069630.34438
346348.241921,4069630.42687
346348.33054,4069630.49685
346348.417241,4069630.59259
346348.504687,4069630.66352
346348.596029,4069630.74419
346348.682594,4069630.83234
346348.768532,4069630.90219
346348.858389,4069630.98307
346348.942128,4069631.05481
346349.035741,4069631.13765
346349.119224,4069631.21994
346349.211249,4069631.28894
346349.294695,4069631.36919
346349.383984,4069631.45156
346349.470439,4069631.53361
346349.554271,4069631.60221
346349.644435,4069631.67531
346349.736315,4069631.76115
346349.82371,4069631.84577
346349.908114,4069631.92138
346349.9952,4069631.99713
346350.080273,4069632.0768
346350.175628,4069632.15721
346350.264628,4069632.2566
346350.367517,4069632.33391
346350.468467,4069632.41922
346350.56342,4069632.51036
346350.670748,4069632.60276
346350.771546,4069632.69621
346350.884426,4069632.7911
346350.99254,4069632.87757
346351.091848,4069632.97918
346351.203929,4069633.08758
346351.315022,4069633.17418
346351.414235,4069633.27875
346351.526843,4069633.37513
346351.636006,4069633.47027
346351.746066,4069633.56559
346351.845568,4069633.66146
346351.957162,4069633.75933
346352.068057,4069633.85148
346352.165825,4069633.95849
346352.281537,4069634.04537
346352.379182,4069634.14553
346352.485622,4069634.24646
346352.588734,4069634.33616
346352.704245,4069634.42842
346352.800173,4069634.52417
346352.907353,4069634.61657
346353.007073,4069634.708
346353.106727,4069634.79573
346353.218809,4069634.88768
346353.313528,4069634.98234
346353.415072,4069635.05931
346353.515183,4069635.16423
346353.625169,4069635.24715
346353.71917,4069635.34331
346353.816982,4069635.42793
346353.922589,4069635.50741
346354.021838,4069635.6057
346354.119705,4069635.68514
346354.215434,4069635.76979
346354.316573,4069635.85731
346354.413466,4069635.94879
346354.504322,4069636.03557
346354.600855,4069636.12354
346354.698095,4069636.20947
346354.799657,4069636.30401
346354.898141,4069636.39287
346354.997968,4069636.49021
346355.105209,4069636.57781
346355.200633,4069636.67856
346355.301722,4069636.77163
346355.405624,4069636.85559
346355.508551,4069636.95158
346355.616233,4069637.04712
346355.722421,4069637.14232
346355.823778,4069637.23372
346355.928898,4069637.33578
346356.034966,4069637.42432
346356.143654,4069637.52613
346356.244832,4069637.61587
346356.351983,4069637.72325
346356.453622,4069637.82205
346356.555588,4069637.9225
346356.666232,4069638.01725
346356.768366,4069638.11048
346356.866216,4069638.21378
346356.976696,4069638.31593
346357.065692,4069638.41513
346357.171929,4069638.5131
346357.262269,4069638.62079
346357.368341,4069638.71784
346357.466346,4069638.82151
346357.56078,4069638.91692
346357.653571,4069639.01199
346357.74438,4069639.12096
346357.840136,4069639.2071
346357.938077,4069639.29893
346358.024699,4069639.39855
346358.125792,4069639.4918
346358.213511,4069639.58622
346358.307109,4069639.68479
346358.398349,4069639.77637
346358.491299,4069639.87199
346358.588582,4069639.96032
346358.676661,4069640.04992
346358.767298,4069640.13282
346358.852865,4069640.22339
346358.934953,4069640.31089
346359.021024,4069640.38813
346359.107807,4069640.48016
346359.187888,4069640.56362
346359.269192,4069640.64891
346359.357105,4069640.72927
346359.444813,4069640.81481
346359.539871,4069640.89522
346359.623639,4069640.99341
346359.718932,4069641.07863
346359.808064,4069641.18542
346359.907179,4069641.2763
346360.005161,4069641.37035
346360.097516,4069641.47431
346360.207602,4069641.5711
346360.307207,4069641.6727
346360.407801,4069641.77133
346360.508443,4069641.88087
346360.615222,4069641.97587
346360.710827,4069642.07847
346360.819485,4069642.17862
346360.918498,4069642.28042
346361.025784,4069642.37874
346361.131265,4069642.48431
346361.233895,4069642.58031
346361.338016,4069642.67647
346361.445557,4069642.7807
346361.547136,4069642.88449
346361.655315,4069642.9828
346361.757063,4069643.08769
346361.859542,4069643.19183
346361.965605,4069643.29665
346362.073618,4069643.40236
346362.177118,4069643.49705
346362.28528,4069643.60275
346362.389151,4069643.70983
346362.492856,4069643.80766
346362.594035,4069643.91404
346362.700259,4069644.01127
346362.80764,4069644.10663
346362.913608,4069644.21441
346363.007463,4069644.31076
346363.117195,4069644.40441
346363.218014,4069644.50729
346363.324886,4069644.60747
346363.423496,4069644.70335
346363.528444,4069644.80412
346363.635879,4069644.91076
346363.740224,4069645.00285
346363.844746,4069645.10474
346363.952983,4069645.19805
346364.054073,4069645.29944
346364.163872,4069645.40511
346364.266674,4069645.50241
346364.382837,4069645.60612
346364.489793,4069645.71092
346364.604124,4069645.81207
346364.713026,4069645.91758
346364.815913,4069646.02782
346364.929308,4069646.12658
346365.04159,4069646.23795
346365.153875,4069646.34117
346365.265248,4069646.45163
346365.379076,4069646.54965
346365.490393,4069646.65696
346365.61382,4069646.76738
346365.731802,4069646.88124
346365.852819,4069646.99004
346365.969257,4069647.10077
346366.092886,4069647.20583
346366.208409,4069647.32361
346366.326085,4069647.42045
346366.448148,4069647.53774
346366.56969,4069647.64265
346366.682666,4069647.75123
346366.807991,4069647.85958
346366.925874,4069647.97621
346367.055781,4069648.08282
346367.169452,4069648.19693
346367.292453,4069648.30847
346367.408885,4069648.41884
346367.52845,4069648.5297
346367.641692,4069648.64475
346367.764329,4069648.7526
346367.87675,4069648.87173
346367.996216,4069648.97704
346368.110519,4069649.09318
346368.230808,4069649.1946
346368.345368,4069649.30851
346368.463086,4069649.41589
346368.567042,4069649.51945
346368.680987,4069649.63227
346368.786567,4069649.73506
346368.897665,4069649.83849
346369.00297,4069649.94258
346369.10897,4069650.04388
346369.209091,4069650.14936
346369.315675,4069650.24178
346369.406514,4069650.35242
346369.509461,4069650.44952
346369.607327,4069650.54543
346369.706377,4069650.64926
346369.807037,4069650.75158
346369.909102,4069650.84926
346370.007693,4069650.96069
346370.112036,4069651.06091
346370.215175,4069651.16042
346370.31495,4069651.27145
346370.422924,4069651.37494
346370.524394,4069651.48095
346370.631889,4069651.59092
346370.734996,4069651.6969
346370.83976,4069651.81228
346370.945141,4069651.9123
346371.052703,4069652.02597
346371.149033,4069652.1441
346371.253503,4069652.25135
346371.353542,4069652.36053
346371.451327,4069652.47678
346371.553128,4069652.58463
346371.645249,4069652.6921
346371.741196,4069652.81375
346371.843367,4069652.91734
346371.939569,4069653.03658
346372.027445,4069653.14801
346372.121089,4069653.27395
346372.20069,4069653.38868
346372.293584,4069653.4978
346372.377775,4069653.61948
346372.456587,4069653.73995
346372.532889,4069653.86158
346372.603521,4069653.98239
346372.674748,4069654.10318
346372.749926,4069654.22021
346372.813192,4069654.34522
346372.877215,4069654.46263
346372.937767,4069654.58565
346372.998411,4069654.70553
346373.055464,4069654.82436
346373.110561,4069654.95025
346373.162962,4069655.06695
346373.216331,4069655.19602
346373.261355,4069655.30804
346373.303412,4069655.4288
346373.342527,4069655.55147
346373.378451,4069655.6705
346373.416559,4069655.77857
346373.446836,4069655.90639
346373.473952,4069656.02391
346373.501846,4069656.14327
346373.523833,4069656.257
346373.544165,4069656.36965
346373.566893,4069656.48318
346373.575745,4069656.59474
346373.592181,4069656.70597
346373.597521,4069656.83739
346373.609097,4069656.94316
346373.612866,4069657.06998
346373.610618,4069657.20153
346373.607999,4069657.3207
346373.601634,4069657.44677
346373.593438,4069657.57862
346373.58515,4069657.70528
346373.575027,4069657.83753
346373.555487,4069657.96754
346373.541655,4069658.10041
346373.518677,4069658.22956
346373.493502,4069658.36892
346373.461658,4069658.50988
346373.421454,4069658.65765
346373.38318,4069658.8052
346373.341802,4069658.94559
346373.290826,4069659.09023
346373.2446,4069659.2259
346373.183456,4069659.35962
346373.122425,4069659.49962
346373.056961,4069659.63305
346372.987981,4069659.76136
346372.919556,4069659.88744
346372.839554,4069660.01521
346372.761326,4069660.13407
346372.679081,4069660.25301
346372.594154,4069660.36348
346372.5068,4069660.4714
346372.420057,4069660.58024
346372.325154,4069660.6822
346372.231547,4069660.78173
346372.138892,4069660.87625
346372.041661,4069660.96456
346371.942922,4069661.06011
346371.842261,4069661.13979
346371.747485,4069661.22399
346371.641521,4069661.2984
346371.540442,4069661.37143
346371.437076,4069661.44136
346371.331818,4069661.5054
346371.223326,4069661.5634
346371.114966,4069661.62879
346371.007939,4069661.68546
346370.900745,4069661.74122
346370.784847,4069661.79287
346370.667084,4069661.84844
346370.558448,4069661.89016
346370.434015,4069661.93901
346370.313038,4069661.98133
346370.1944,4069662.02138
346370.070192,4069662.05783
346369.951568,4069662.07384
346369.834902,4069662.0911
346369.708199,4069662.11299
346369.590227,4069662.1238
346369.475248,4069662.11902
346369.344986,4069662.12507
346369.216188,4069662.12979
346369.099474,4069662.12782
346368.970173,4069662.12108
346368.861431,4069662.09899
346368.727049,4069662.09937
346368.614207,4069662.07273
346368.477981,4069662.05335
346368.344793,4069662.02079
346368.194763,4069661.99519
346368.059408,4069661.95804
346367.924182,4069661.91146
346367.768368,4069661.87042
346367.626563,4069661.80565
346367.485896,4069661.73789
346367.341753,4069661.66724
346367.211945,4069661.58264
346367.078959,4069661.49513
346366.939512,4069661.40424
346366.820021,4069661.31409
346366.706,4069661.20534
346366.581888,4069661.11472
346366.464774,4069660.99124
346366.355824,4069660.87482
346366.258207,4069660.75135
346366.1456,4069660.63852
346366.048353,4069660.51079
346365.956218,4069660.39425
346365.856504,4069660.26176
346365.76787,4069660.14128
346365.689132,4069660.00009
346365.597925,4069659.86892
346365.526583,4069659.72519
346365.451449,4069659.58579
346365.381853,4069659.44813
346365.319274,4069659.28686
346365.262745,4069659.13102
346365.213272,4069658.97025
346365.165504,4069658.80501
346365.118673,4069658.65048
346365.079288,4069658.47973
346365.040258,4069658.31211
346365.015474,4069658.14221
346364.981876,4069657.97042
346364.962583,4069657.79968
346364.929499,4069657.61512
346364.901818,4069657.44138
346364.879059,4069657.25165
346364.852594,4069657.07104
346364.835154,4069656.87918
346364.810818,4069656.6928
346364.776879,4069656.49384
346364.751689,4069656.30137
346364.725415,4069656.10652
346364.697201,4069655.89487
346364.660288,4069655.70428
346364.625182,4069655.50663
346364.591426,4069655.30951
346364.553716,4069655.11598
346364.518614,4069654.92683
346364.495828,4069654.73562
346364.457299,4069654.55449
346364.426497,4069654.37267
346364.399824,4069654.19706
346364.368029,4069654.00971
346364.334853,4069653.8283
346364.304051,4069653.6548
346364.263374,4069653.48666
346364.229114,4069653.31119
346364.184311,4069653.13702
346364.13386,4069652.96332
346364.087815,4069652.79454
346364.038066,4069652.62674
346363.979476,4069652.45559
346363.917554,4069652.2895
346363.86106,4069652.11073
346363.800222,4069651.9387
346363.721343,4069651.77309
346363.653453,4069651.57307
346363.5591,4069651.39942
346363.474172,4069651.22024
346363.363683,4069651.05132
346363.267042,4069650.87456
346363.15781,4069650.71764
346363.050047,4069650.54312
346362.943616,4069650.393
346362.826531,4069650.22974
346362.712368,4069650.08827
346362.600175,4069649.94878
346362.478973,4069649.81317
346362.359752,4069649.6801
346362.240522,4069649.5548
346362.119253,4069649.43195
346362.007879,4069649.31317
346361.883525,4069649.19259
346361.763429,4069649.07711
346361.628614,4069648.95413
346361.50319,4069648.84023
346361.386871,4069648.72783
346361.26392,4069648.61906
346361.146967,4069648.48799
346361.021446,4069648.36872
346360.906356,4069648.25019
346360.786954,4069648.13193
346360.667696,4069648.02162
346360.557212,4069647.90264
346360.441686,4069647.79299
346360.325618,4069647.678
346360.212754,4069647.56739
346360.100372,4069647.4588
346359.999625,4069647.34334
346359.893115,4069647.23021
346359.781379,4069647.13271
346359.678467,4069647.02931
346359.575469,4069646.92111
346359.477335,4069646.81856
346359.379765,4069646.706
346359.282767,4069646.60047
346359.193485,4069646.51015
346359.0823,4069646.40191
346359.000998,4069646.30016
346358.909529,4069646.20414
346358.818786,4069646.11533
346358.726758,4069646.01303
346358.63891,4069645.91972
346358.547821,4069645.82
346358.458066,4069645.72821
346358.359703,4069645.62954
346358.278174,4069645.54
346358.186286,4069645.44547
346358.092158,4069645.34229
346358.004999,4069645.26248
346357.906061,4069645.15661
346357.813557,4069645.05265
346357.713942,4069644.95882
346357.617409,4069644.86252
346357.523609,4069644.761
346357.424763,4069644.65198
346357.325083,4069644.56277
346357.233666,4069644.45307
346357.132913,4069644.35389
346357.038849,4069644.25422
346356.944475,4069644.16214
346356.852107,4069644.06577
346356.757494,4069643.9687
346356.668278,4069643.88208
346356.582556,4069643.79114
346356.49658,4069643.70261
346356.410248,4069643.6274
346356.324487,4069643.54256
346356.248278,4069643.45922
346356.162821,4069643.37475
346356.082404,4069643.2974
346356.008109,4069643.22123
346355.926941,4069643.14353
346355.853975,4069643.05846
346355.770397,4069642.97914
346355.702186,4069642.90194
346355.621537,4069642.81997
346355.552738,4069642.75147
346355.477634,4069642.67995
346355.399548,4069642.60811
346355.329298,4069642.53335
346355.263184,4069642.46518
346355.189869,4069642.3938
346355.123166,4069642.32601
346355.052763,4069642.25107
346354.979796,4069642.18247
346354.914051,4069642.10171
346354.840541,4069642.03608
346354.760835,4069641.96519
346354.681739,4069641.87857
346354.611519,4069641.8138
346354.525048,4069641.73082
346354.447712,4069641.65934
346354.370071,4069641.57084
346354.278641,4069641.49351
346354.204771,4069641.39958
346354.126422,4069641.30481
346354.035384,4069641.2245
346353.940571,4069641.14112
346353.852903,4069641.0578
346353.762764,4069640.96953
346353.66351,4069640.8792
346353.573056,4069640.78169
346353.476178,4069640.68281
346353.37287,4069640.5822
346353.268485,4069640.49622
346353.177248,4069640.3965
346353.076567,4069640.29306
346352.978367,4069640.19513
346352.880379,4069640.10071
346352.777753,4069640.01322
346352.685658,4069639.90723
346352.584267,4069639.80566
346352.478801,4069639.71747
346352.390293,4069639.60402
346352.289673,4069639.50391
346352.185657,4069639.40535
346352.081188,4069639.30642
346351.967965,4069639.20895
346351.864312,4069639.10575
346351.757144,4069638.99744
346351.652282,4069638.89315
346351.546698,4069638.79018
346351.440563,4069638.68962
346351.33361,4069638.57668
346351.223053,4069638.47028
346351.117291,4069638.36564
346351.008067,4069638.25884
346350.892245,4069638.15753
346350.792331,4069638.04705
346350.678753,4069637.94644
346350.573797,4069637.83698
346350.457462,4069637.73198
346350.35447,4069637.62415
346350.240912,4069637.52464
346350.135118,4069637.42648
346350.023563,4069637.3225
346349.917005,4069637.22324
346349.818752,4069637.12235
346349.71263,4069637.02253
346349.608095,4069636.92823
346349.508526,4069636.82866
346349.405161,4069636.7249
346349.296858,4069636.63622
346349.195,4069636.53355
346349.091526,4069636.43201
346348.988823,4069636.33194
346348.882641,4069636.22879
346348.773741,4069636.12347
346348.666171,4069636.02589
346348.568381,4069635.92592
346348.455765,4069635.82085
346348.354903,4069635.7239
346348.250391,4069635.62257
346348.14471,4069635.53069
346348.047449,4069635.43533
346347.945711,4069635.33932
346347.847075,4069635.25027
346347.734347,4069635.14724
346347.636018,4069635.05042
346347.53698,4069634.97211
346347.434438,4069634.86446
346347.334602,4069634.77488
346347.235218,4069634.67734
346347.135964,4069634.59534
346347.037672,4069634.50055
346346.937237,4069634.4108
346346.838591,4069634.31288
346346.740534,4069634.23123
346346.642593,4069634.13939
346346.55457,4069634.05293
346346.458097,4069633.96829
346346.359306,4069633.8872
346346.270312,4069633.80465
346346.176805,4069633.71939
346346.088587,4069633.63867
346345.995299,4069633.56562
346345.902095,4069633.47241
346345.814936,4069633.3926
346345.721719,4069633.29865
346345.624714,4069633.21753
346345.52881,4069633.13972
346345.434544,4069633.04541
346345.343401,4069632.96752
346345.251124,4069632.88446
346345.157114,4069632.8044
346345.061153,4069632.71512
346344.972903,4069632.63255
346344.882225,4069632.54743
346344.787588,4069632.47386
346344.69979,4069632.38332
346344.59886,4069632.29913
346344.49957,4069632.21509
346344.410817,4069632.12938
346344.317765,4069632.03636
346344.217686,4069631.96639
346344.121745,4069631.87822
346344.027562,4069631.78854
346343.934436,4069631.70791
346343.828907,4069631.62454
346343.733772,4069631.53155
346343.643415,4069631.44772
346343.545461,4069631.36347
346343.460036,4069631.27253
346343.366479,4069631.1845
346343.276429,4069631.0929
346343.188788,4069631.01938
346343.091848,4069630.93363
346343.009873,4069630.85243
346342.913677,4069630.76667
346342.829186,4069630.68625
346342.741828,4069630.60366
346342.653478,4069630.51554
346342.567754,4069630.43274
346342.478207,4069630.3526
346342.391698,4069630.25927
346342.310101,4069630.19082
346342.220808,4069630.09994
346342.133275,4069630.01588
346342.050487,4069629.93913
346341.965126,4069629.86002
346341.87526,4069629.78691
346341.784499,4069629.68884
346341.699681,4069629.61509
346341.608739,4069629.53183
346341.520208,4069629.45018
346341.417881,4069629.35455
346341.329882,4069629.26938
346341.236771,4069629.18135
346341.138185,4069629.09508
346341.041032,4069628.9975
346340.943693,4069628.91435
346340.851031,4069628.8265
346340.749579,4069628.73806
346340.652745,4069628.64991
346340.557458,4069628.55673
346340.450714,4069628.46377
346340.361868,4069628.37288
346340.257483,4069628.2869
346340.166001,4069628.19014
346340.062165,4069628.10989
346339.96449,4069628.00806
346339.872242,4069627.92667
346339.76735,4069627.82905
346339.674937,4069627.74674
346339.572071,4069627.64593
346339.473003,4069627.56596
346339.378139,4069627.47148
346339.27494,4069627.37697
346339.170868,4069627.28359
346339.074487,4069627.1958
346338.969674,4069627.09429
346338.87568,4069627.00683
346338.777894,4069626.91536
346338.675558,4069626.8275
346338.578929,4069626.73416
346338.477314,4069626.64499
346338.378419,4069626.54984
346338.27571,4069626.45773
346338.173512,4069626.36098
346338.077569,4069626.28095
346337.975936,4069626.18253
346337.873756,4069626.09503
346337.77341,4069625.99362
346337.669018,4069625.90727
346337.574379,4069625.81705
346337.46673,4069625.72336
346337.367376,4069625.62748
346337.27651,4069625.57326
346337.180797,4069625.48953
346337.076478,4069625.40724
346336.981624,4069625.31332
346336.876537,4069625.22144
346336.776466,4069625.12705
346336.67176,4069625.03978
346336.568507,4069624.93399
346336.461249,4069624.8538
346336.345443,4069624.75341
346336.242828,4069624.65001
346336.127337,4069624.55887
346336.012645,4069624.46253
346335.907549,4069624.37008
346335.788807,4069624.27197
346335.672635,4069624.18435
346335.559931,4069624.09094
346335.444894,4069624.00848
346335.327059,4069623.91941
346335.197956,4069623.83276
346335.088011,4069623.75206
346334.955778,4069623.6651
346334.834161,4069623.58091
346334.708307,4069623.50937
346334.584564,4069623.42282
346334.461306,4069623.35493
346334.330262,4069623.28441
346334.206989,4069623.20746
346334.075026,4069623.14381
346333.950349,4069623.07151
346333.80907,4069623.01116
346333.673413,4069622.94072
346333.533562,4069622.87702
346333.406651,4069622.8129
346333.277149,4069622.76196
346333.147772,4069622.7014
346333.022863,4069622.65759
346332.899729,4069622.60487
346332.771481,4069622.55742
346332.651459,4069622.52056
346332.531464,4069622.47684
346332.409273,4069622.4352
346332.289639,4069622.40332
346332.16725,4069622.36724
346332.049498,4069622.34068
346331.934546,4069622.3126
346331.814677,4069622.27592
346331.701299,4069622.25262
346331.579318,4069622.23095
346331.455916,4069622.20468
346331.331401,4069622.19102
346331.209976,4069622.17544
346331.081127,4069622.16907
346330.949617,4069622.16367
346330.827281,4069622.15532
346330.687801,4069622.1619
346330.555469,4069622.16872
346330.420551,4069622.18077
346330.286574,4069622.20371
346330.155679,4069622.22419
346330.025725,4069622.24743
346329.906018,4069622.2777
346329.779401,4069622.30439
346329.659582,4069622.32837
346329.539865,4069622.35808
346329.434103,4069622.38588
346329.325668,4069622.42223
346329.218125,4069622.45025
346329.122022,4069622.49378
346329.024294,4069622.52143
346328.934229,4069622.56134
346328.841445,4069622.59908
346328.751852,4069622.64046
346328.664302,4069622.67958
346328.571277,4069622.72047
346328.479659,4069622.77335
346328.391108,4069622.82303
346328.299027,4069622.875
346328.211721,4069622.93594
346328.115375,4069622.99076
346328.017231,4069623.0532
346327.924282,4069623.1148
346327.825375,4069623.18446
346327.725608,4069623.24766
346327.624259,4069623.32218
346327.522004,4069623.40429
346327.418481,4069623.49031
346327.309638,4069623.57846
346327.204964,4069623.66672
346327.101144,4069623.76107
346326.987689,4069623.85763
346326.882127,4069623.95442
346326.771537,4069624.06128
346326.660812,4069624.16889
346326.557998,4069624.27783
346326.445178,4069624.39306
346326.339039,4069624.50743
346326.232093,4069624.62662
346326.124034,4069624.74176
346326.02146,4069624.86402
346325.920766,4069624.98328
346325.810898,4069625.09717
346325.717611,4069625.22277
346325.617044,4069625.34074
346325.521089,4069625.46694
346325.422785,4069625.5784
346325.331735,4069625.68768
346325.237076,4069625.80314
346325.147549,4069625.90611
346325.050398,4069626.00719
346324.963695,4069626.10992
346324.87148,4069626.21239
346324.781524,4069626.31629
346324.68915,4069626.4182
346324.601703,4069626.52095
346324.507508,4069626.62086
346324.421503,4069626.72932
346324.329665,4069626.82789
346324.239692,4069626.93087
346324.142994,4069627.03231
346324.052389,4069627.12494
346323.956808,4069627.22229
346323.867601,4069627.31822
346323.77478,4069627.41182
346323.684423,4069627.51
346323.594886,4069627.60409
346323.506678,4069627.70593
346323.416705,4069627.80059
346323.330794,4069627.89776
346323.258967,4069627.98358
346323.182124,4069628.06357
346323.114861,4069628.1384
346323.046828,4069628.21176
346322.981072,4069628.27934
346322.918762,4069628.34816
346322.856077,4069628.41273
346322.796848,4069628.47909
346322.735727,4069628.54789
346322.671066,4069628.61841
346322.605275,4069628.69229
346322.544464,4069628.75349
346322.480769,4069628.82807
346322.418098,4069628.89338
346322.354782,4069628.96425
346322.291656,4069629.03734
346322.225695,4069629.11011
346322.153788,4069629.19149
346322.081885,4069629.27306
346322.005783,4069629.36118
346321.928556,4069629.44469
346321.850306,4069629.53747
346321.768296,4069629.6281
346321.679572,4069629.71774
346321.591635,4069629.81809
346321.499334,4069629.91575
346321.405983,4069630.02119
346321.302058,4069630.12627
346321.207402,4069630.24191
346321.096885,4069630.35285
346320.98989,4069630.46926
346320.877037,4069630.59097
346320.756723,4069630.71983
346320.640238,4069630.85473
346320.519335,4069630.97566
346320.400465,4069631.10209
346320.273247,4069631.22775
346320.152897,4069631.35458
346320.031228,4069631.49087
346319.900617,4069631.63472
346319.772272,4069631.76391
346319.646939,4069631.89509
346319.529942,4069632.0263
346319.406404,4069632.158
346319.292874,4069632.28341
346319.176947,4069632.40794
346319.063803,4069632.53002
346318.954035,4069632.64945
346318.843681,4069632.76944
346318.737208,4069632.88178
346318.632574,4069632.99705
346318.528786,4069633.10971
346318.42708,4069633.21401
346318.329652,4069633.32452
346318.228528,4069633.42807
346318.13712,4069633.53403
346318.042724,4069633.63931
346317.946266,4069633.72928
346317.854313,4069633.8297
346317.76959,4069633.92667
346317.680141,4069634.01743
346317.599566,4069634.10507
346317.51478,4069634.19853
346317.435907,4069634.28151
346317.359514,4069634.37001
346317.283505,4069634.45498
346317.208099,4069634.53217
346317.135168,4069634.6145
346317.062877,4069634.69108
346316.993535,4069634.76613
346316.927452,4069634.84038
346316.860533,4069634.90946
346316.796141,4069634.98664
346316.733192,4069635.05307
346316.673209,4069635.11888
346316.610825,4069635.18363
346316.553166,4069635.24626
346316.500108,4069635.30826
346316.4444,4069635.37178
346316.394856,4069635.42224
346316.344988,4069635.47955
346316.296016,4069635.52871
346316.247072,4069635.59599
346316.194073,4069635.64467
346316.146289,4069635.70194
346316.094755,4069635.75762
346316.040503,4069635.81112
346315.987469,4069635.87441
346315.941054,4069635.93332
346315.886855,4069635.98979
346315.831986,4069636.05033
346315.774016,4069636.11223
346315.72042,4069636.17738
346315.65595,4069636.24198
346315.5949,4069636.31466
346315.525521,4069636.38767
346315.4553,4069636.46348
346315.383214,4069636.5432
346315.309664,4069636.62424
346315.240597,4069636.70632
346315.166743,4069636.78699
346315.091209,4069636.8653
346315.019937,4069636.94889
346314.946036,4069637.02698
346314.870744,4069637.11046
346314.791563,4069637.18458
346314.71632,4069637.27083
346314.636793,4069637.3505
346314.562037,4069637.43896
346314.485597,4069637.52487
346314.406632,4069637.611
346314.325386,4069637.6944
346314.247978,4069637.78439
346314.166901,4069637.8689
346314.090075,4069637.95814
346314.002739,4069638.05053
346313.922425,4069638.13613
346313.835787,4069638.22592
346313.754489,4069638.32301
346313.674903,4069638.416
346313.58763,4069638.50358
346313.503865,4069638.5959
346313.415808,4069638.68128
346313.333957,4069638.77246
346313.246462,4069638.85597
346313.164238,4069638.95123
346313.076347,4069639.03752
346312.992542,4069639.12763
346312.903731,4069639.21246
346312.818104,4069639.30056
346312.732524,4069639.39126
346312.645082,4069639.47773
346312.556758,4069639.5731
346312.469501,4069639.65328
346312.381574,4069639.74586
346312.288174,4069639.83207
346312.19415,4069639.92495
346312.102067,4069640.01816
346312.005404,4069640.10499
346311.912286,4069640.19859
346311.817191,4069640.28982
346311.721577,4069640.38532
346311.62475,4069640.47954
346311.526454,4069640.56658
346311.427352,4069640.65844
346311.330352,4069640.75138
346311.231662,4069640.83306
346311.133215,4069640.92823
346311.038387,4069641.0178
346310.934951,4069641.10863
346310.835028,4069641.19625
346310.733823,4069641.28704
346310.641327,4069641.38211
346310.546539,4069641.47389
346310.448753,4069641.56443
346310.361705,4069641.65626
346310.264467,4069641.74421
346310.170682,4069641.84208
346310.075682,4069641.93035
346309.987507,4069642.02571
346309.890154,4069642.11551
346309.798606,4069642.20538
346309.705749,4069642.29695
346309.614479,4069642.38571
346309.526201,4069642.47534
346309.436011,4069642.55797
346309.344517,4069642.65081
346309.252344,4069642.73903
346309.16271,4069642.82776
346309.074012,4069642.91888
346308.976084,4069643.0098
346308.887353,4069643.09907
346308.792965,4069643.18825
346308.701378,4069643.28423
346308.608269,4069643.37007
346308.51418,4069643.46757
346308.418476,4069643.55808
346308.320059,4069643.65492
346308.229791,4069643.74976
346308.129685,4069643.852
346308.033816,4069643.94158
346307.934444,4069644.04325
346307.833775,4069644.13903
346307.732115,4069644.23759
346307.632848,4069644.33685
346307.532058,4069644.44243
346307.426963,4069644.54032
346307.324506,4069644.64427
346307.221263,4069644.74582
346307.11462,4069644.84873
346307.012831,4069644.94841
346306.91264,4069645.05416
346306.809769,4069645.15164
346306.71131,4069645.2544
346306.612929,4069645.35328
346306.514607,4069645.44716
346306.4175,4069645.55063
346306.321572,4069645.64521
346306.222656,4069645.74743
346306.127572,4069645.84754
346306.028877,4069645.9455
346305.933479,4069646.04469
346305.83498,4069646.14523
346305.733789,4069646.24509
346305.630963,4069646.35329
346305.525815,4069646.45654
346305.422992,4069646.56493
346305.314303,4069646.66991
346305.212175,4069646.78384
346305.100396,4069646.89073
346304.999107,4069647.00168
346304.891206,4069647.10905
346304.788522,4069647.21688
346304.684713,4069647.32011
346304.587533,4069647.42784
346304.482927,4069647.52813
346304.385963,4069647.63956
346304.281787,4069647.73891
346304.183467,4069647.84944
346304.082429,4069647.94947
346303.97827,4069648.05807
346303.877474,4069648.16328
346303.775659,4069648.2698
346303.675279,4069648.37334
346303.569827,4069648.47622
346303.467833,4069648.58108
346303.357828,4069648.67906
346303.251864,4069648.78658
346303.143112,4069648.88805
346303.03086,4069648.99346
346302.922102,4069649.09456
346302.80773,4069649.19798
346302.6963,4069649.2995
346302.581343,4069649.40348
346302.467024,4069649.50153
346302.352565,4069649.60015
346302.24178,4069649.6961
346302.126753,4069649.7962
346302.014737,4069649.88996
346301.898777,4069649.97954
346301.782027,4069650.07486
346301.667832,4069650.16329
346301.552946,4069650.2547
346301.437905,4069650.34573
346301.317732,4069650.4328
346301.198581,4069650.51873
346301.077403,4069650.60784
346300.95735,4069650.70156
346300.830142,4069650.78634
346300.708346,4069650.87417
346300.580867,4069650.96044
346300.453967,4069651.0541
346300.323862,4069651.14337
346300.198763,4069651.2296
346300.072041,4069651.31659
346299.941745,4069651.40346
346299.813834,4069651.4988
346299.685259,4069651.58213
346299.552421,4069651.66831
346299.42673,4069651.75473
346299.300474,4069651.84282
346299.173388,4069651.92613
346299.037497,4069652.00811
346298.911433,4069652.0986
346298.777533,4069652.18369
346298.647901,4069652.26611
346298.519655,4069652.3511
346298.387281,4069652.43006
346298.256152,4069652.52027
346298.121329,4069652.59539
346297.992871,4069652.68519
346297.860696,4069652.76692
346297.732255,4069652.84932
346297.591292,4069652.93065
346297.461274,4069653.01641
346297.326017,4069653.09227
346297.188474,4069653.18168
346297.06028,4069653.2613
346296.923265,4069653.347
346296.788343,4069653.4249
346296.654637,4069653.50425
346296.517831,4069653.58495
346296.382194,4069653.66452
346296.245488,4069653.75077
346296.104952,4069653.83931
346295.966282,4069653.92393
346295.830342,4069654.01146
346295.689023,4069654.09779
346295.553497,4069654.19178
346295.415588,4069654.28564
346295.276914,4069654.37007
346295.141129,4069654.45797
346295.002118,4069654.54019
346294.867888,4069654.63176
346294.733882,4069654.71925
346294.60105,4069654.8058
346294.467349,4069654.89366
346294.337849,4069654.97516
346294.204247,4069655.06024
346294.081222,4069655.1542
346293.947037,4069655.23171
346293.817624,4069655.32633
346293.691663,4069655.41424
346293.559836,4069655.50706
346293.424349,4069655.58663
346293.295185,4069655.6868
346293.15552,4069655.78235
346293.011332,4069655.87465
346292.867731,4069655.97471
346292.72731,4069656.08618
346292.576385,4069656.18452
346292.427418,4069656.29245
346292.273955,4069656.39861
346292.120928,4069656.5042
346291.965355,4069656.60891
346291.816058,4069656.72332
346291.660148,4069656.82582
346291.506586,4069656.94308
346291.355153,4069657.05456
346291.206322,4069657.16174
346291.05638,4069657.27339
346290.90709,4069657.38816
346290.757093,4069657.50498
346290.600211,4069657.61139
346290.450835,4069657.72968
346290.300928,4069657.85149
346290.147031,4069657.9584
346290.001581,4069658.08808
346289.851961,4069658.20102
346289.71332,4069658.32041
346289.563236,4069658.43242
346289.414585,4069658.54959
346289.27747,4069658.67931
346289.136769,4069658.79172
346288.998334,4069658.91425
346288.859393,4069659.03346
346288.725977,4069659.16201
346288.594849,4069659.28533
346288.464825,4069659.41216
346288.335393,4069659.53878
346288.208722,4069659.66998
346288.079945,4069659.7916
346287.955126,4069659.92647
346287.826289,4069660.05308
346287.702617,4069660.18552
346287.575536,4069660.31044
346287.452042,4069660.43622
346287.329036,4069660.55607
346287.199528,4069660.67844
346287.077089,4069660.80494
346286.95233,4069660.91835
346286.832308,4069661.04684
346286.701418,4069661.16683
346286.575368,4069661.29118
346286.45183,4069661.41455
346286.321916,4069661.53915
346286.201076,4069661.66359
346286.078191,4069661.7901
346285.951027,4069661.91872
346285.835012,4069662.04658
346285.710168,4069662.16351
346285.587907,4069662.29167
346285.465583,4069662.40799
346285.340721,4069662.54045
346285.227881,4069662.65457
346285.107251,4069662.78233
346284.990559,4069662.89745
346284.870235,4069663.01744
346284.749985,4069663.14149
346284.641481,4069663.26497
346284.522486,4069663.3927
346284.402449,4069663.5038
346284.283613,4069663.62376
346284.166073,4069663.74962
346284.05091,4069663.86693
346283.934558,4069664.0009
346283.8119,4069664.12352
346283.693733,4069664.25586
346283.568676,4069664.38574
346283.447119,4069664.51167
346283.321768,4069664.64173
346283.199683,4069664.77137
346283.078457,4069664.89914
346282.956316,4069665.02564
346282.835165,4069665.14934
346282.722836,4069665.27529
346282.605737,4069665.40076
346282.482087,4069665.52618
346282.360279,4069665.64638
346282.23619,4069665.77217
346282.101775,4069665.89481
346281.977125,4069666.02246
346281.841292,4069666.14902
346281.713024,4069666.27414
346281.578342,4069666.39846
346281.455952,4069666.51941
346281.329822,4069666.63931
346281.206292,4069666.76306
346281.086742,4069666.8847
346280.966067,4069667.00173
346280.845392,4069667.11877
346280.722912,4069667.23472
346280.609111,4069667.3533
346280.489792,4069667.47124
346280.38217,4069667.58582
346280.261392,4069667.69712
346280.153833,4069667.81521
346280.041786,4069667.92377
346279.93337,4069668.03559
346279.825926,4069668.14351
346279.71705,4069668.25459
346279.618145,4069668.35737
346279.5112,4069668.46823
346279.413313,4069668.56969
346279.311795,4069668.66789
346279.212725,4069668.76973
346279.116672,4069668.86561
346279.02252,4069668.9596
346278.926272,4069669.05289
346278.837992,4069669.15066
346278.746948,4069669.24367
346278.656803,4069669.33704
346278.567556,4069669.42243
346278.480589,4069669.5187
346278.396202,4069669.60123
346278.311306,4069669.68858
346278.233225,4069669.77415
346278.154144,4069669.85381
346278.076977,4069669.93233
346277.999255,4069670.01308
346277.929141,4069670.0948
346277.851686,4069670.16556
346277.777741,4069670.23292
346277.707481,4069670.3065
346277.640503,4069670.38059
346277.571128,4069670.45379
346277.506458,4069670.52376
346277.442624,4069670.59057
346277.381322,4069670.65752
346277.317617,4069670.72322
346277.261274,4069670.78453
346277.201522,4069670.84664
346277.148905,4069670.90826
346277.088316,4069670.96521
346277.037975,4069671.01273
346276.983859,4069671.06549
346276.934501,4069671.11798
346276.891603,4069671.16555
346276.842505,4069671.21601
346276.798542,4069671.2623
346276.75846,4069671.30926
346276.71328,4069671.3541
346276.673866,4069671.39679
346276.631787,4069671.44028
346276.593757,4069671.47721
346276.558359,4069671.51984
346276.523682,4069671.55283
346276.487325,4069671.59177
346276.45676,4069671.62173
346276.426278,4069671.66464
346276.399462,4069671.69619
346276.369073,4069671.72763
346276.340335,4069671.75164
346276.312517,4069671.77711
346276.286689,4069671.80569
346276.265281,4069671.83178
346276.242352,4069671.85606
346276.222802,4069671.87786
346276.203553,4069671.89985
