302530.329151,4124167.50482
302530.332819,4124167.37151
302530.335165,4124167.24489
302530.335938,4124167.11423
302530.338976,4124166.98556
302530.342261,4124166.85485
302530.342355,4124166.72051
302530.346315,4124166.587
302530.347117,4124166.45135
302530.346128,4124166.31501
302530.351688,4124166.18035
302530.349273,4124166.03997
302530.354798,4124165.90384
302530.357083,4124165.76834
302530.361356,4124165.62927
302530.361889,4124165.49474
302530.3624,4124165.35299
302530.363646,4124165.21733
302530.364558,4124165.07372
302530.366652,4124164.93637
302530.367506,4124164.79036
302530.37097,4124164.64206
302530.370372,4124164.49719
302530.37401,4124164.35
302530.375847,4124164.20804
302530.377628,4124164.05738
302530.378896,4124163.91006
302530.382077,4124163.76232
302530.381057,4124163.6121
302530.381464,4124163.45962
302530.38328,4124163.31044
302530.384095,4124163.15647
302530.382975,4124163.00199
302530.386091,4124162.85148
302530.386772,4124162.69807
302530.385804,4124162.54377
302530.388877,4124162.39141
302530.386652,4124162.234
302530.388763,4124162.07852
302530.388418,4124161.9255
302530.387433,4124161.77047
302530.391536,4124161.6179
302530.387289,4124161.46257
302530.391027,4124161.30705
302530.388355,4124161.14946
302530.386944,4124160.99517
302530.38699,4124160.83993
302530.387909,4124160.6904
302530.387016,4124160.53295
302530.3865,4124160.37901
302530.388934,4124160.22464
302530.385431,4124160.06947
302530.388603,4124159.91508
302530.388718,4124159.7565
302530.385951,4124159.60113
302530.38544,4124159.44738
302530.387586,4124159.29338
302530.383539,4124159.13397
302530.384524,4124158.98092
302530.383035,4124158.82331
302530.382298,4124158.66623
302530.385992,4124158.50886
302530.381776,4124158.35483
302530.383187,4124158.20103
302530.381481,4124158.04675
302530.376904,4124157.88994
302530.380959,4124157.73534
302530.378469,4124157.57923
302530.374049,4124157.42279
302530.374725,4124157.2692
302530.378041,4124157.11462
302530.376113,4124156.96349
302530.373784,4124156.80793
302530.371686,4124156.65587
302530.370492,4124156.49825
302530.370329,4124156.34671
302530.365352,4124156.19177
302530.367155,4124156.04203
302530.368331,4124155.89083
302530.366037,4124155.73675
302530.365657,4124155.58854
302530.366164,4124155.43402
302530.362257,4124155.28683
302530.359711,4124155.1346
302530.360996,4124154.98802
302530.361642,4124154.83313
302530.357991,4124154.68426
302530.356554,4124154.53516
302530.35727,4124154.38323
302530.355472,4124154.23135
302530.352973,4124154.08116
302530.351184,4124153.92966
302530.349982,4124153.77796
302530.347862,4124153.62498
302530.345199,4124153.47406
302530.341961,4124153.32388
302530.342211,4124153.17104
302530.345171,4124153.02016
302530.34599,4124152.86638
302530.351924,4124152.71617
302530.352935,4124152.56424
302530.357277,4124152.41555
302530.356101,4124152.26496
302530.353929,4124152.11605
302530.357806,4124151.96016
302530.355443,4124151.8157
302530.359672,4124151.66221
302530.357404,4124151.50924
302530.35525,4124151.36107
302530.354752,4124151.20788
302530.35862,4124151.05791
302530.355556,4124150.90884
302530.357246,4124150.76058
302530.357283,4124150.61126
302530.35732,4124150.45564
302530.359462,4124150.31404
302530.352589,4124150.16025
302530.355109,4124150.01586
302530.357142,4124149.86964
302530.353727,4124149.72446
302530.353999,4124149.57254
302530.353018,4124149.43027
302530.352551,4124149.28466
302530.352214,4124149.1383
302530.355648,4124148.99501
302530.356324,4124148.85399
302530.356126,4124148.70726
302530.362382,4124148.56445
302530.364028,4124148.41435
302530.365426,4124148.27258
302530.370203,4124148.1298
302530.371862,4124147.98025
302530.375626,4124147.83843
302530.385396,4124147.69405
302530.385785,4124147.54713
302530.392162,4124147.4032
302530.395596,4124147.2599
302530.396433,4124147.11315
302530.398188,4124146.96767
302530.40196,4124146.82621
302530.402789,4124146.67909
302530.406022,4124146.52728
302530.409038,4124146.38511
302530.410041,4124146.23909
302530.41447,4124146.0941
302530.415598,4124145.95345
302530.422228,4124145.80767
302530.4223,4124145.65982
302530.430647,4124145.51789
302530.428649,4124145.3638
302530.431991,4124145.21662
302530.431572,4124145.07304
302530.434648,4124144.92716
302530.43983,4124144.77642
302530.440589,4124144.63262
302530.443774,4124144.48508
302530.447442,4124144.33289
302530.443505,4124144.19069
302530.451256,4124144.036
302530.451089,4124143.89057
302530.45861,4124143.74495
302530.452812,4124143.5928
302530.461124,4124143.4431
302530.451872,4124143.28881
302530.45808,4124143.14396
302530.453477,4124142.99234
302530.450618,4124142.83939
302530.448629,4124142.68567
302530.449192,4124142.53984
302530.451508,4124142.38677
302530.451536,4124142.24336
302530.44963,4124142.08687
302530.449254,4124141.93885
302530.447951,4124141.78289
302530.447767,4124141.63672
302530.447878,4124141.47795
302530.446275,4124141.32811
302530.441085,4124141.1704
302530.442936,4124141.0164
302530.440168,4124140.86733
302530.433291,4124140.70706
302530.441729,4124140.55643
302530.434713,4124140.39654
302530.434737,4124140.23408
302530.436531,4124140.08397
302530.429097,4124139.91262
302530.42976,4124139.76476
302530.429384,4124139.59786
302530.428255,4124139.44301
302530.424901,4124139.28785
302530.425433,4124139.12815
302530.421243,4124138.96893
302530.419706,4124138.80928
302530.415677,4124138.65061
302530.416153,4124138.48851
302530.409489,4124138.32472
302530.408631,4124138.17505
302530.404602,4124138.01009
302530.405495,4124137.85316
302530.402193,4124137.69392
302530.403904,4124137.5403
302530.399183,4124137.38369
302530.395424,4124137.2302
302530.399027,4124137.06894
302530.389371,4124136.91633
302530.388499,4124136.75981
302530.386092,4124136.59463
302530.385181,4124136.44274
302530.372873,4124136.28426
302530.375089,4124136.12693
302530.378083,4124135.97125
302530.373993,4124135.81628
302530.370473,4124135.66038
302530.365835,4124135.50099
302530.369346,4124135.34214
302530.363609,4124135.18
302530.363198,4124135.02421
302530.358504,4124134.8687
302530.364128,4124134.70537
302530.369518,4124134.54463
302530.384684,4124134.39069
302530.396893,4124134.23683
302530.419803,4124134.07882
302530.447458,4124133.92126
302530.473238,4124133.76578
302530.511373,4124133.61352
302530.540632,4124133.455
302530.575171,4124133.31337
302530.617693,4124133.15898
302530.652197,4124133.00329
302530.703186,4124132.85665
302530.743051,4124132.70879
302530.788714,4124132.5621
302530.835089,4124132.41427
302530.888526,4124132.27109
302530.941924,4124132.11996
302530.987339,4124131.9753
302531.048734,4124131.83082
302531.10515,4124131.6822
302531.164158,4124131.53686
302531.226901,4124131.39309
302531.293845,4124131.25181
302531.362994,4124131.11622
302531.421728,4124130.9718
302531.486994,4124130.82205
302531.559195,4124130.69046
302531.64012,4124130.55866
302531.710269,4124130.42785
302531.791068,4124130.29698
302531.872092,4124130.16315
302531.953174,4124130.038
302532.035599,4124129.9008
302532.106905,4124129.76257
302532.202245,4124129.63987
302532.280052,4124129.495
302532.365477,4124129.35958
302532.443315,4124129.23489
302532.53258,4124129.11806
302532.622724,4124128.98198
302532.707706,4124128.86544
302532.802211,4124128.73869
302532.891694,4124128.61224
302532.984669,4124128.49588
302533.0759,4124128.36828
302533.170667,4124128.25262
302533.271447,4124128.14108
302533.365744,4124128.03062
302533.470821,4124127.92563
302533.578294,4124127.82189
302533.687024,4124127.72126
302533.792106,4124127.61647
302533.907354,4124127.51624
302534.016949,4124127.42096
302534.135955,4124127.31694
302534.246607,4124127.22256
302534.360955,4124127.12809
302534.482296,4124127.03531
302534.594988,4124126.94588
302534.706362,4124126.86332
302534.828242,4124126.76831
302534.94463,4124126.68508
302535.059813,4124126.60095
302535.183659,4124126.52661
302535.301177,4124126.44114
302535.420614,4124126.36172
302535.546199,4124126.28586
302535.663174,4124126.21502
302535.790255,4124126.14616
302535.913814,4124126.07219
302536.039565,4124126.00336
302536.164594,4124125.929
302536.289592,4124125.86592
302536.42127,4124125.7975
302536.552412,4124125.73151
302536.677424,4124125.67527
302536.811628,4124125.61365
302536.936461,4124125.54983
302537.071257,4124125.48819
302537.19322,4124125.43443
302537.333291,4124125.37692
302537.455593,4124125.3313
302537.598608,4124125.27317
302537.726581,4124125.22334
302537.865886,4124125.17103
302537.99826,4124125.11962
302538.134499,4124125.07534
302538.261242,4124125.02351
302538.400404,4124124.98397
302538.536709,4124124.94246
302538.669904,4124124.90713
302538.815363,4124124.86485
302538.950542,4124124.82577
302539.089121,4124124.78661
302539.225521,4124124.74917
302539.364031,4124124.70705
302539.501554,4124124.67329
302539.636637,4124124.64273
302539.776664,4124124.60224
302539.912908,4124124.57072
302540.049005,4124124.53921
302540.191698,4124124.50514
302540.328764,4124124.47712
302540.460255,4124124.44479
302540.597064,4124124.41844
302540.734105,4124124.3956
302540.868044,4124124.36673
302541.002592,4124124.34488
302541.134527,4124124.32512
302541.26578,4124124.31408
302541.401967,4124124.29274
302541.531206,4124124.27156
302541.662219,4124124.25664
302541.799138,4124124.24121
302541.932307,4124124.22364
302542.059576,4124124.19419
302542.197865,4124124.19297
302542.328586,4124124.17823
302542.460573,4124124.1607
302542.593369,4124124.15239
302542.732367,4124124.14357
302542.865693,4124124.13895
302542.99822,4124124.12547
302543.134425,4124124.11746
302543.273339,4124124.11141
302543.407279,4124124.10142
302543.543641,4124124.10006
302543.677455,4124124.09099
302543.816617,4124124.0892
302543.949074,4124124.08534
302544.09245,4124124.08659
302544.230204,4124124.08779
302544.362665,4124124.09041
302544.498153,4124124.08963
302544.634371,4124124.08846
302544.773151,4124124.08927
302544.90753,4124124.09166
302545.038457,4124124.09191
302545.173357,4124124.09762
302545.305062,4124124.09322
302545.438193,4124124.09287
302545.56938,4124124.09792
302545.705677,4124124.10008
302545.836038,4124124.10145
302545.974674,4124124.10245
302546.106492,4124124.10286
302546.241449,4124124.10468
302546.376685,4124124.10576
302546.511473,4124124.11295
302546.64079,4124124.11398
302546.775095,4124124.11952
302546.911075,4124124.12076
302547.043427,4124124.12505
302547.18159,4124124.13105
302547.315112,4124124.13475
302547.451122,4124124.13729
302547.585792,4124124.13949
302547.719271,4124124.14134
302547.852828,4124124.14653
302547.982585,4124124.14736
302548.116929,4124124.15456
302548.245272,4124124.15191
302548.374838,4124124.15719
302548.505942,4124124.15873
302548.634594,4124124.15663
302548.767273,4124124.16221
302548.895442,4124124.16474
302549.02312,4124124.16525
302549.153373,4124124.1683
302549.285086,4124124.17056
302549.409502,4124124.17078
302549.539059,4124124.1694
302549.665584,4124124.17123
