346362.535817,4069643.84628
346362.632901,4069643.93184
346362.742019,4069644.03272
346362.838984,4069644.11994
346362.950715,4069644.20061
346363.055103,4069644.2951
346363.165029,4069644.38302
346363.270252,4069644.48249
346363.37421,4069644.56959
346363.482537,4069644.66789
346363.586347,4069644.76331
346363.700959,4069644.86354
346363.806413,4069644.9593
346363.914016,4069645.05873
346364.022849,4069645.16035
346364.125402,4069645.2521
346364.237307,4069645.35903
346364.348434,4069645.4558
346364.461525,4069645.55421
346364.574125,4069645.66667
346364.684259,4069645.75792
346364.798697,4069645.86499
346364.912241,4069645.96375
346365.026272,4069646.07305
346365.130061,4069646.18383
346365.252456,4069646.2865
346365.362004,4069646.39477
346365.480934,4069646.50342
346365.586956,4069646.5977
346365.708317,4069646.70909
346365.809526,4069646.80881
346365.939265,4069646.92264
346366.038106,4069647.01482
346366.15575,4069647.11813
346366.263832,4069647.2194
346366.388952,4069647.32462
346366.497927,4069647.42587
346366.611975,4069647.53609
346366.715726,4069647.63651
346366.831165,4069647.74134
346366.948779,4069647.84299
346367.055309,4069647.95723
346367.181849,4069648.05872
346367.285075,4069648.16304
346367.400211,4069648.27583
346367.504723,4069648.37716
346367.625607,4069648.48689
346367.735423,4069648.59349
346367.855252,4069648.69418
346367.970004,4069648.80217
346368.077435,4069648.90862
346368.197879,4069649.01041
346368.308107,4069649.10683
346368.427144,4069649.2214
346368.531011,4069649.31997
346368.650289,4069649.43139
346368.761321,4069649.53945
346368.87264,4069649.63862
346368.983824,4069649.74686
346369.098969,4069649.85189
346369.206129,4069649.9515
346369.318754,4069650.05713
346369.428436,4069650.15633
346369.538723,4069650.24776
346369.645437,4069650.35571
346369.755738,4069650.45619
346369.863016,4069650.55415
346369.969988,4069650.65987
346370.077019,4069650.7606
346370.182589,4069650.86284
346370.287249,4069650.95584
346370.394597,4069651.05768
346370.498494,4069651.15791
346370.608156,4069651.256
346370.716519,4069651.35634
346370.818131,4069651.45366
346370.910652,4069651.56685
346371.008374,4069651.67959
346371.060359,4069651.82274
346371.123744,4069651.94608
346371.166444,4069652.08608
346371.192707,4069652.20583
346371.238951,4069652.33595
346371.256864,4069652.46307
346371.270838,4069652.58638
346371.294034,4069652.70933
346371.298436,4069652.82171
346371.306313,4069652.93699
346371.306846,4069653.04111
346371.301621,4069653.15607
346371.292463,4069653.25094
346371.287676,4069653.34887
346371.273804,4069653.45473
346371.271334,4069653.54911
346371.248089,4069653.64682
346371.220274,4069653.74702
346371.192673,4069653.85905
346371.161856,4069653.94949
346371.138534,4069654.05128
346371.106065,4069654.14915
346371.067065,4069654.23974
346371.032582,4069654.34154
346370.984154,4069654.44581
346370.93754,4069654.53506
346370.89378,4069654.63406
346370.839905,4069654.72511
346370.790667,4069654.82569
346370.722285,4069654.91274
346370.662577,4069654.99391
346370.600117,4069655.08751
346370.531159,4069655.16736
346370.461937,4069655.25739
346370.385728,4069655.33127
346370.31356,4069655.41469
346370.237251,4069655.48302
346370.158741,4069655.56138
346370.072127,4069655.636
346369.997035,4069655.70578
346369.88809,4069655.77174
346369.803302,4069655.84855
346369.695781,4069655.90264
346369.59908,4069655.97078
346369.507126,4069656.01331
346369.394485,4069656.07231
346369.291324,4069656.11227
346369.177547,4069656.15778
346369.07128,4069656.19058
346368.960786,4069656.22826
346368.841053,4069656.25705
346368.737856,4069656.27851
346368.622004,4069656.29965
346368.514962,4069656.31415
346368.400149,4069656.34341
346368.300029,4069656.3539
346368.174541,4069656.3606
346368.068953,4069656.3649
346367.967486,4069656.3584
346367.838043,4069656.36036
346367.729614,4069656.35565
346367.619561,4069656.34339
346367.51365,4069656.32975
346367.384522,4069656.30785
346367.284898,4069656.27967
346367.168495,4069656.25365
346367.058976,4069656.22973
346366.94851,4069656.19454
346366.83133,4069656.16668
346366.729906,4069656.12115
346366.603444,4069656.08199
346366.513055,4069656.02942
346366.408565,4069655.97896
346366.323352,4069655.91631
346366.232176,4069655.86135
346366.130957,4069655.79418
346366.031306,4069655.73142
346365.954837,4069655.65844
346365.870505,4069655.57857
346365.781024,4069655.51026
346365.695415,4069655.42561
346365.613843,4069655.34199
346365.547449,4069655.27475
346365.466273,4069655.18835
346365.396008,4069655.0962
346365.334302,4069655.00835
346365.265858,4069654.90988
346365.210381,4069654.8208
346365.157887,4069654.73204
346365.101209,4069654.6341
346365.046765,4069654.52798
346365.001723,4069654.43983
346364.95513,4069654.3234
346364.94779,4069654.22143
346364.902176,4069654.10979
346364.862378,4069653.99879
346364.826928,4069653.88955
346364.787348,4069653.80722
346364.744001,4069653.70571
346364.705066,4069653.60135
346364.661571,4069653.50817
346364.633919,4069653.39399
346364.583927,4069653.3037
346364.553542,4069653.19475
346364.519907,4069653.07883
346364.475022,4069652.9829
346364.43093,4069652.87308
346364.388749,4069652.77026
346364.345007,4069652.66339
346364.290552,4069652.54008
346364.238581,4069652.43077
346364.18859,4069652.32402
346364.128562,4069652.21357
346364.085448,4069652.10022
346364.032937,4069651.98575
346363.97169,4069651.88197
346363.9215,4069651.76413
346363.860232,4069651.65092
346363.805626,4069651.54407
346363.757869,4069651.42082
346363.695411,4069651.31595
346363.638864,4069651.20044
346363.588641,4069651.08907
346363.533837,4069650.97945
346363.465185,4069650.8612
346363.412001,4069650.75062
346363.345793,4069650.63584
346363.284091,4069650.51506
346363.225305,4069650.39921
346363.166833,4069650.28429
346363.104064,4069650.17037
346363.042474,4069650.04755
346362.974044,4069649.93337
346362.913512,4069649.81145
346362.844219,4069649.69062
346362.780144,4069649.57858
346362.717102,4069649.45782
346362.639518,4069649.33936
346362.574757,4069649.22233
346362.50847,4069649.10311
346362.426569,4069648.9764
346362.365642,4069648.86559
346362.287634,4069648.74843
346362.209917,4069648.6309
346362.127667,4069648.50956
346362.048415,4069648.38946
346361.960898,4069648.26489
346361.866421,4069648.16708
346361.785321,4069648.0435
346361.690787,4069647.94255
346361.604171,4069647.83498
346361.516661,4069647.7191
346361.424703,4069647.62068
346361.333819,4069647.51578
346361.23383,4069647.40937
346361.133027,4069647.30742
346361.036347,4069647.20299
346360.953328,4069647.09683
346360.8439,4069646.99522
