346320.869345,4069687.38739
346320.810847,4069687.44736
346320.752351,4069687.50727
346320.693843,4069687.56723
346320.635344,4069687.62714
346320.576858,4069687.68714
346320.51845,4069687.74715
346320.460118,4069687.80723
346320.401799,4069687.86739
346320.343549,4069687.92762
346320.285243,4069687.98796
346320.226888,4069688.0484
346320.168576,4069688.1089
346320.110304,4069688.16946
346320.052084,4069688.23
346319.993933,4069688.29046
346319.935858,4069688.35087
346319.878006,4069688.41118
346319.820315,4069688.4715
346319.762812,4069688.53176
346319.705447,4069688.592
346319.648105,4069688.6523
346319.590766,4069688.71276
346319.533328,4069688.77338
346319.475871,4069688.83406
346319.418302,4069688.89498
346319.360469,4069688.95623
346319.30237,4069689.01775
346319.243949,4069689.07961
346319.185276,4069689.14191
346319.126093,4069689.20481
346319.06656,4069689.26817
346319.006484,4069689.3321
346318.945869,4069689.39659
346318.884729,4069689.46164
346318.822994,4069689.52741
346318.760566,4069689.59381
346318.697399,4069689.66101
346318.633551,4069689.72895
346318.568989,4069689.79759
346318.503802,4069689.86698
346318.437994,4069689.93706
346318.37155,4069690.00785
346318.304596,4069690.07928
346318.237172,4069690.15128
346318.169271,4069690.22379
346318.100934,4069690.29681
346318.032082,4069690.37044
346317.962778,4069690.44445
346317.893098,4069690.51896
346317.822977,4069690.59392
346317.752629,4069690.66921
346317.682046,4069690.74485
346317.611177,4069690.82083
346317.540037,4069690.89709
346317.468663,4069690.97359
346317.397048,4069691.05042
346317.325202,4069691.12749
346317.25314,4069691.2048
346317.180833,4069691.28232
346317.108321,4069691.36003
346317.0356,4069691.4379
346316.962684,4069691.51591
346316.889598,4069691.5941
346316.816456,4069691.67247
346316.743096,4069691.75099
346316.669762,4069691.82963
346316.596316,4069691.90847
346316.522795,4069691.98744
346316.449252,4069692.06655
346316.375631,4069692.14569
346316.301903,4069692.22492
346316.228097,4069692.30414
346316.1542,4069692.38343
346316.080305,4069692.46262
346316.006362,4069692.54173
346315.932479,4069692.62071
346315.858572,4069692.69959
346315.784769,4069692.77837
346315.711124,4069692.85697
346315.637558,4069692.93545
346315.56413,4069693.0138
346315.49085,4069693.09199
346315.417664,4069693.17002
346315.344615,4069693.24783
346315.271702,4069693.32551
346315.198706,4069693.40314
346315.125774,4069693.48057
346315.052935,4069693.55784
346314.980179,4069693.63496
346314.907642,4069693.71177
346314.835265,4069693.78831
346314.763098,4069693.86451
346314.691138,4069693.9405
346314.619352,4069694.01618
346314.54785,4069694.09161
346314.476586,4069694.16683
346314.405478,4069694.24176
346314.334458,4069694.31641
346314.263558,4069694.39092
346314.192712,4069694.46518
346314.121877,4069694.53921
346314.051046,4069694.61313
346313.980356,4069694.68688
346313.909851,4069694.76028
346313.839578,4069694.83335
346313.769502,4069694.90617
346313.699608,4069694.97868
346313.629859,4069695.05097
346313.560215,4069695.12303
346313.490537,4069695.19494
346313.420994,4069695.26661
346313.351586,4069695.338
346313.282371,4069695.40913
346313.21323,4069695.48002
346313.144346,4069695.55057
346313.075525,4069695.62086
346313.006845,4069695.69094
346312.93819,4069695.76087
346312.869615,4069695.8306
346312.801122,4069695.90018
346312.732614,4069695.9696
346312.664248,4069696.03884
346312.595919,4069696.10798
346312.527683,4069696.17692
346312.4594,4069696.24577
346312.391002,4069696.31455
346312.322603,4069696.38323
346312.254085,4069696.45194
346312.185579,4069696.52064
346312.116995,4069696.58937
346312.048349,4069696.65807
346311.979625,4069696.72676
346311.910728,4069696.79553
346311.841442,4069696.86444
346311.77189,4069696.93333
346311.70197,4069697.00232
346311.631767,4069697.07131
346311.561273,4069697.14019
346311.490455,4069697.20906
346311.419336,4069697.278
346311.348097,4069697.34692
346311.276757,4069697.41589
346311.205139,4069697.485
346311.133445,4069697.55428
346311.061622,4069697.62374
346310.989531,4069697.69337
346310.917225,4069697.76323
346310.84462,4069697.8333
346310.771817,4069697.90355
346310.69879,4069697.97404
346310.62559,4069698.04472
346310.552193,4069698.11565
346310.47868,4069698.18689
346310.405033,4069698.25843
346310.331296,4069698.33031
346310.257541,4069698.40251
346310.183837,4069698.47501
346310.110222,4069698.54787
346310.03665,4069698.62101
346309.963213,4069698.69454
346309.889651,4069698.76836
346309.815943,4069698.84236
346309.742343,4069698.9166
346309.668719,4069698.99104
346309.595097,4069699.06558
346309.521583,4069699.14024
346309.448215,4069699.21511
346309.374887,4069699.29009
346309.301766,4069699.36528
346309.22883,4069699.4406
346309.156039,4069699.51602
346309.08355,4069699.59155
346309.011225,4069699.66733
346308.939107,4069699.74324
346308.867184,4069699.81935
346308.795435,4069699.89562
346308.723838,4069699.97215
346308.652496,4069700.04888
346308.581445,4069700.12578
346308.510752,4069700.20285
346308.440269,4069700.27999
346308.369885,4069700.35707
346308.299497,4069700.43414
346308.22905,4069700.51119
346308.158559,4069700.58842
346308.088019,4069700.66572
346308.017609,4069700.74304
346307.947283,4069700.82055
346307.876997,4069700.89798
346307.806865,4069700.97546
346307.736779,4069701.05294
346307.666781,4069701.13047
346307.596844,4069701.20798
346307.526948,4069701.28551
346307.457148,4069701.36309
346307.387385,4069701.44071
346307.317754,4069701.51826
346307.24808,4069701.59576
346307.178358,4069701.6733
346307.108709,4069701.75078
346307.039072,4069701.82823
346306.969538,4069701.90565
346306.900088,4069701.98303
346306.83073,4069702.06032
346306.76158,4069702.13736
346306.692483,4069702.21426
346306.623492,4069702.29092
346306.554583,4069702.36751
346306.485842,4069702.44399
346306.417138,4069702.52042
346306.34852,4069702.59686
346306.279888,4069702.67342
346306.211403,4069702.74992
346306.143093,4069702.82643
346306.074953,4069702.9028
346306.007066,4069702.97913
346305.939293,4069703.05539
346305.871755,4069703.1315
346305.804397,4069703.20749
346305.737203,4069703.28328
346305.670205,4069703.35896
346305.603484,4069703.43449
346305.536865,4069703.5098
346305.470458,4069703.58492
346305.404247,4069703.65977
346305.33818,4069703.73432
346305.272325,4069703.80842
346305.206552,4069703.8822
346305.140997,4069703.95545
346305.075512,4069704.02833
346305.010296,4069704.10086
346304.945141,4069704.17307
346304.880204,4069704.24493
346304.815398,4069704.31654
346304.750695,4069704.38783
346304.686238,4069704.45884
346304.622053,4069704.52944
346304.558182,4069704.59958
346304.494675,4069704.66927
346304.431456,4069704.7385
346304.368401,4069704.8073
346304.3056,4069704.87568
346304.242994,4069704.94376
346304.180543,4069705.01148
346304.118205,4069705.07886
346304.055996,4069705.14607
346303.993894,4069705.21315
346303.931782,4069705.28025
346303.869753,4069705.34736
346303.807636,4069705.41455
346303.745567,4069705.48176
346303.683559,4069705.54894
346303.621584,4069705.61614
346303.559589,4069705.68334
346303.497539,4069705.7507
346303.435486,4069705.81815
346303.373359,4069705.88577
346303.311118,4069705.95344
346303.248752,4069706.02136
346303.18619,4069706.08951
346303.123319,4069706.15807
346303.060106,4069706.22703
346302.996738,4069706.29642
346302.93298,4069706.36621
346302.868849,4069706.43646
346302.804378,4069706.50715
346302.739486,4069706.57823
346302.674113,4069706.64963
346302.608274,4069706.72155
346302.541849,4069706.79393
346302.475013,4069706.86674
346302.40765,4069706.94006
346302.339816,4069707.01385
346302.271485,4069707.08833
346302.202748,4069707.16336
346302.133534,4069707.23899
346302.064045,4069707.3151
346301.994267,4069707.39161
346301.924164,4069707.46841
346301.853761,4069707.54563
346301.783052,4069707.623
346301.712016,4069707.70074
346301.640841,4069707.77873
346301.5693,4069707.85701
346301.497437,4069707.93561
346301.425342,4069708.0145
346301.352924,4069708.09358
346301.280383,4069708.17287
346301.207839,4069708.25222
346301.135247,4069708.33169
346301.062649,4069708.41116
346300.989957,4069708.49075
346300.917206,4069708.57042
346300.844487,4069708.6502
346300.771856,4069708.73006
346300.699265,4069708.81008
346300.626572,4069708.89012
346300.553864,4069708.97032
346300.480917,4069709.05069
346300.407784,4069709.13119
346300.334537,4069709.21199
346300.261211,4069709.2929
346300.187785,4069709.37401
346300.114491,4069709.45521
346300.041136,4069709.53649
346299.967697,4069709.61781
346299.894075,4069709.69923
346299.820282,4069709.78087
346299.746328,4069709.86268
346299.672266,4069709.94477
346299.598018,4069710.02721
346299.523515,4069710.10998
346299.448996,4069710.19289
346299.374256,4069710.27597
346299.299352,4069710.35931
346299.224361,4069710.44285
346299.149153,4069710.52658
346299.073759,4069710.61057
346298.998187,4069710.6948
346298.922483,4069710.77923
346298.846645,4069710.86373
346298.77071,4069710.94835
346298.694616,4069711.03303
346298.618446,4069711.1178
346298.54221,4069711.20271
346298.465737,4069711.2877
346298.389141,4069711.37282
346298.312498,4069711.45811
346298.235621,4069711.54356
346298.158576,4069711.62915
346298.08146,4069711.71489
346298.004148,4069711.8007
346297.926786,4069711.88659
346297.84934,4069711.97261
346297.771796,4069712.05873
346297.69424,4069712.14492
346297.616639,4069712.23115
346297.538981,4069712.31738
346297.461227,4069712.40368
346297.383485,4069712.48995
346297.30568,4069712.57623
346297.22779,4069712.66252
346297.149832,4069712.74875
346297.071791,4069712.83496
346296.993666,4069712.92113
346296.915578,4069713.0073
346296.837427,4069713.09344
346296.759376,4069713.1794
346296.681426,4069713.26524
346296.60355,4069713.35101
346296.525695,4069713.43665
346296.447916,4069713.52219
346296.370141,4069713.6076
346296.292436,4069713.69285
346296.214815,4069713.77801
346296.137194,4069713.86293
346296.059741,4069713.9477
346295.982245,4069714.03232
346295.904716,4069714.11674
346295.827191,4069714.20111
346295.749566,4069714.28534
346295.671761,4069714.36959
346295.593913,4069714.45378
346295.515895,4069714.5378
346295.437821,4069714.6219
346295.359705,4069714.70593
346295.281663,4069714.78983
346295.203527,4069714.87383
346295.125334,4069714.95787
346295.046939,4069715.04205
346294.968415,4069715.12623
346294.889685,4069715.2106
346294.810799,4069715.29509
346294.731678,4069715.37975
346294.652382,4069715.46458
346294.572731,4069715.54959
346294.492883,4069715.63487
346294.412715,4069715.7204
346294.332336,4069715.80611
346294.251714,4069715.89209
346294.170882,4069715.97829
346294.089967,4069716.06467
346294.008895,4069716.15125
346293.927466,4069716.23824
346293.845867,4069716.32547
346293.763934,4069716.41304
346293.681698,4069716.50091
346293.59925,4069716.58907
346293.516508,4069716.6775
346293.433541,4069716.76619
346293.350331,4069716.85513
346293.266895,4069716.94431
346293.183285,4069717.03385
346293.09936,4069717.12369
346293.015199,4069717.2139
346292.930889,4069717.30456
346292.846428,4069717.39547
346292.761824,4069717.48685
346292.677025,4069717.57856
346292.592197,4069717.67059
346292.507224,4069717.76289
346292.42235,4069717.85555
346292.337539,4069717.94851
346292.252715,4069718.04187
346292.167864,4069718.13545
346292.083144,4069718.22911
346291.998442,4069718.3229
346291.913602,4069718.41672
346291.828687,4069718.5106
346291.743717,4069718.60435
346291.658662,4069718.6982
346291.573534,4069718.79199
346291.488177,4069718.88571
346291.402545,4069718.97917
346291.316646,4069719.07243
346291.230541,4069719.16538
346291.14427,4069719.25793
346291.057781,4069719.35037
346290.971317,4069719.44249
346290.884847,4069719.53442
