346262.805472,4069684.91834
346262.850309,4069684.86769
346262.895477,4069684.81691
346262.941172,4069684.76569
346262.987603,4069684.71378
346263.034889,4069684.66108
346263.083049,4069684.60757
346263.132128,4069684.55302
346263.182144,4069684.4973
346263.233174,4069684.4403
346263.285088,4069684.38211
346263.33794,4069684.32281
346263.391747,4069684.26239
346263.446423,4069684.20078
346263.502034,4069684.13821
346263.558703,4069684.07465
346263.616364,4069684.01003
346263.674752,4069683.94443
346263.733879,4069683.87797
346263.793592,4069683.81065
346263.853892,4069683.74263
346263.914796,4069683.67383
346263.976248,4069683.60414
346264.038273,4069683.53372
346264.100807,4069683.46262
346264.16395,4069683.39083
346264.227544,4069683.31838
346264.291662,4069683.24533
346264.356413,4069683.17146
346264.421886,4069683.09691
346264.487948,4069683.02176
346264.554729,4069682.94588
346264.622295,4069682.86936
346264.690565,4069682.79233
346264.759485,4069682.71465
346264.828927,4069682.63638
346264.898737,4069682.55754
346264.969095,4069682.47818
346265.040091,4069682.39842
346265.111552,4069682.31833
346265.183555,4069682.23788
346265.256053,4069682.15725
346265.328959,4069682.07616
346265.4022,4069681.99483
346265.475843,4069681.91331
346265.54974,4069681.83136
346265.623798,4069681.74931
346265.698098,4069681.66728
346265.772575,4069681.58501
346265.847088,4069681.50258
346265.92165,4069681.42001
346265.996472,4069681.33742
346266.071507,4069681.25473
346266.146844,4069681.17174
346266.22244,4069681.0884
346266.298285,4069681.00464
346266.37453,4069680.92049
346266.451169,4069680.83585
346266.528315,4069680.75063
346266.606017,4069680.66497
346266.684166,4069680.5789
346266.762757,4069680.49245
346266.841668,4069680.40568
346266.920967,4069680.3185
346267.000514,4069680.23092
346267.0803,4069680.14314
346267.160337,4069680.05515
346267.240408,4069679.96688
346267.320565,4069679.87845
346267.40086,4069679.78989
346267.481256,4069679.7013
346267.561969,4069679.61256
346267.642944,4069679.52388
346267.724178,4069679.43524
346267.805821,4069679.34676
346267.887869,4069679.25841
346267.970195,4069679.17035
346268.052822,4069679.0825
346268.135875,4069678.99501
346268.219381,4069678.90776
346268.303376,4069678.82083
346268.387908,4069678.73424
346268.472757,4069678.64792
346268.557964,4069678.562
346268.643577,4069678.47648
346268.729339,4069678.39109
346268.815262,4069678.30578
346268.901119,4069678.22043
346268.987012,4069678.13519
346269.072833,4069678.04989
346269.158503,4069677.9646
346269.243939,4069677.87924
346269.329057,4069677.79379
346269.413979,4069677.70836
346269.49862,4069677.62286
346269.58303,4069677.53733
346269.667096,4069677.45167
346269.750894,4069677.36601
346269.834376,4069677.28021
346269.917601,4069677.19444
346270.000541,4069677.10842
346270.083263,4069677.02242
346270.165807,4069676.93637
346270.248009,4069676.85029
346270.33009,4069676.7644
346270.412049,4069676.67853
346270.493892,4069676.59269
346270.575688,4069676.50683
346270.657459,4069676.42086
346270.739201,4069676.33469
346270.821033,4069676.24827
346270.902935,4069676.16155
346270.985043,4069676.07458
346271.067267,4069675.98742
346271.149667,4069675.90007
346271.232076,4069675.81256
346271.314665,4069675.72503
346271.397249,4069675.6373
346271.479646,4069675.54943
346271.5619,4069675.46148
346271.643993,4069675.37351
346271.725955,4069675.28559
346271.807831,4069675.19767
346271.889527,4069675.10998
346271.971135,4069675.02242
346272.052681,4069674.93503
346272.134082,4069674.84769
346272.21545,4069674.76047
346272.296884,4069674.6734
346272.378325,4069674.58646
346272.459769,4069674.49972
346272.541295,4069674.41312
346272.622959,4069674.32674
346272.70481,4069674.2406
346272.786966,4069674.15473
346272.869327,4069674.0692
346272.951907,4069673.984
346273.034773,4069673.89933
346273.118063,4069673.81522
346273.201637,4069673.73148
346273.285299,4069673.64821
346273.368998,4069673.56541
346273.452474,4069673.48288
346273.535561,4069673.40054
346273.618252,4069673.31852
346273.700407,4069673.23671
346273.782068,4069673.15509
346273.863251,4069673.07377
346273.943921,4069672.99267
346274.024077,4069672.91183
346274.103705,4069672.83116
346274.182758,4069672.75074
346274.261374,4069672.67058
346274.339466,4069672.59064
346274.417197,4069672.51092
346274.494537,4069672.4313
346274.571435,4069672.35185
346274.64797,4069672.27258
346274.724104,4069672.19337
346274.800044,4069672.11417
346274.875702,4069672.03499
346274.951279,4069671.95574
346275.026824,4069671.87632
346275.102372,4069671.79677
346275.177939,4069671.71708
346275.253572,4069671.6373
346275.329203,4069671.55752
346275.404834,4069671.47766
346275.480448,4069671.39782
346275.556036,4069671.31794
346275.631612,4069671.23803
346275.707216,4069671.15803
346275.782738,4069671.07802
346275.85836,4069670.99795
346275.933992,4069670.91791
346276.00971,4069670.83783
346276.085471,4069670.75774
346276.161332,4069670.67761
346276.237306,4069670.5973
346276.313314,4069670.51684
346276.389349,4069670.43622
346276.465355,4069670.35552
346276.541482,4069670.27476
346276.617697,4069670.19395
346276.693876,4069670.11314
346276.770062,4069670.03231
346276.846211,4069669.95155
346276.922218,4069669.87091
346276.998107,4069669.79029
346277.073884,4069669.70985
346277.149587,4069669.6295
346277.225195,4069669.54926
346277.300697,4069669.46915
346277.376145,4069669.38913
346277.451579,4069669.3093
346277.526967,4069669.22968
346277.602303,4069669.15012
346277.677602,4069669.07071
346277.752773,4069668.99142
346277.827854,4069668.91221
346277.902827,4069668.83322
346277.977724,4069668.75431
346278.052592,4069668.67557
346278.127393,4069668.59701
346278.202156,4069668.51859
346278.276927,4069668.44027
346278.35183,4069668.36205
346278.426766,4069668.28394
346278.501515,4069668.20597
346278.576176,4069668.12813
346278.650647,4069668.05033
346278.725012,4069667.9726
346278.799331,4069667.89506
346278.873491,4069667.81772
346278.947613,4069667.74054
346279.021556,4069667.66358
346279.095345,4069667.58684
346279.169075,4069667.51035
346279.242657,4069667.43409
346279.316164,4069667.35812
346279.38935,4069667.28234
346279.462551,4069667.2068
346279.53552,4069667.13148
346279.608346,4069667.05639
346279.680858,4069666.98153
346279.753189,4069666.90693
346279.825462,4069666.8326
346279.897672,4069666.75858
346279.969636,4069666.68481
346280.041497,4069666.61131
346280.113245,4069666.538
346280.184746,4069666.46488
346280.256033,4069666.39206
346280.326976,4069666.3194
346280.397862,4069666.24696
346280.468547,4069666.17481
346280.539126,4069666.10287
346280.609494,4069666.03134
346280.679657,4069665.96017
346280.749771,4069665.88922
346280.819778,4069665.81857
346280.889563,4069665.7482
346280.959267,4069665.67814
346281.028903,4069665.60835
346281.098394,4069665.53881
346281.1678,4069665.46941
346281.237083,4069665.40021
346281.306166,4069665.33124
346281.375083,4069665.26257
346281.443739,4069665.19428
346281.512215,4069665.12627
346281.580439,4069665.05866
346281.648518,4069664.99129
346281.716236,4069664.92423
346281.783526,4069664.85751
346281.850509,4069664.79104
346281.916985,4069664.72481
346281.983133,4069664.65878
346282.049073,4069664.5929
346282.114789,4069664.52699
346282.180445,4069664.46126
346282.24614,4069664.39563
346282.311893,4069664.33005
346282.377757,4069664.26447
346282.443716,4069664.19875
346282.509603,4069664.13282
346282.575595,4069664.06652
346282.641528,4069664.00019
346282.707526,4069663.93358
346282.773661,4069663.86678
346282.839978,4069663.79981
346282.906422,4069663.73261
346282.973253,4069663.665
346283.040212,4069663.59706
346283.107476,4069663.5287
346283.174916,4069663.46005
346283.242614,4069663.39104
346283.310391,4069663.3217
346283.378487,4069663.25193
346283.446675,4069663.18199
346283.515163,4069663.11162
346283.58379,4069663.04113
346283.652698,4069662.97028
346283.721752,4069662.89928
346283.791182,4069662.82788
346283.860865,4069662.75612
346283.930767,4069662.68404
346284.000869,4069662.61159
346284.071247,4069662.53901
346284.141644,4069662.46636
346284.212205,4069662.39348
346284.282988,4069662.32042
346284.353933,4069662.24718
346284.424966,4069662.17373
346284.496126,4069662.10003
346284.567503,4069662.02619
346284.639025,4069661.95217
346284.710627,4069661.87806
346284.782294,4069661.8037
346284.854154,4069661.7291
346284.926283,4069661.65427
346284.998464,4069661.57933
346285.070707,4069661.50424
346285.14293,4069661.42899
346285.215381,4069661.3537
346285.288058,4069661.27826
346285.36088,4069661.20272
346285.433925,4069661.12701
346285.507057,4069661.05103
346285.5803,4069660.97478
346285.653722,4069660.89817
346285.727337,4069660.82133
346285.801207,4069660.74432
346285.875127,4069660.66713
346285.949072,4069660.58998
346286.023106,4069660.51281
346286.097128,4069660.43557
346286.171148,4069660.35842
346286.245182,4069660.28106
346286.319114,4069660.20361
346286.393114,4069660.12602
346286.466961,4069660.04826
346286.540785,4069659.9703
346286.614676,4069659.89226
346286.688625,4069659.81412
346286.762604,4069659.7359
346286.83649,4069659.65773
346286.910417,4069659.57953
346286.984344,4069659.50146
346287.058187,4069659.42361
346287.131931,4069659.34585
346287.205534,4069659.2682
346287.279086,4069659.19064
346287.352617,4069659.11314
346287.426228,4069659.03559
346287.499987,4069658.95801
346287.573942,4069658.88027
346287.648171,4069658.80226
346287.722707,4069658.72407
346287.797513,4069658.64543
346287.872689,4069658.56642
346287.948273,4069658.48699
346288.024298,4069658.40713
346288.100769,4069658.32689
346288.177678,4069658.2462
346288.25503,4069658.16515
346288.332763,4069658.08377
346288.410919,4069658.00197
346288.489505,4069657.91975
346288.568485,4069657.83718
346288.647802,4069657.75416
346288.727396,4069657.67101
346288.807222,4069657.58755
346288.887175,4069657.50394
346288.967222,4069657.42022
346289.047342,4069657.33643
346289.127526,4069657.25263
346289.207672,4069657.16871
346289.287822,4069657.08482
346289.367884,4069657.00084
346289.447833,4069656.91707
346289.527625,4069656.83332
346289.60726,4069656.74984
346289.686631,4069656.66659
346289.76579,4069656.58363
346289.844639,4069656.50098
346289.92338,4069656.41858
346290.001637,4069656.33659
346290.079454,4069656.25504
346290.156864,4069656.17385
346290.233853,4069656.09302
346290.310596,4069656.01243
346290.386986,4069655.9322
346290.463011,4069655.85223
346290.538807,4069655.77255
346290.614404,4069655.69309
346290.6899,4069655.61376
346290.765326,4069655.53447
346290.840639,4069655.45528
346290.91599,4069655.37607
346290.991339,4069655.29689
346291.066757,4069655.21761
346291.142393,4069655.13817
346291.218055,4069655.05871
346291.293906,4069654.97905
346291.369893,4069654.89928
346291.445928,4069654.8194
346291.522033,4069654.73936
346291.598248,4069654.65912
346291.674625,4069654.57867
346291.751151,4069654.49811
346291.827847,4069654.41733
