346294.329151,4069658.22219
346294.403146,4069658.14129
346294.47723,4069658.06034
346294.551487,4069657.97929
346294.625949,4069657.89796
346294.700722,4069657.81625
346294.775868,4069657.73407
346294.851452,4069657.65142
346294.927553,4069657.56818
346295.004147,4069657.48427
346295.081405,4069657.39982
346295.159267,4069657.3147
346295.2377,4069657.22896
346295.316671,4069657.14257
346295.396248,4069657.0556
346295.47636,4069656.96807
346295.557044,4069656.87999
346295.638211,4069656.79132
346295.719842,4069656.70213
346295.801939,4069656.61242
346295.884435,4069656.52228
346295.967163,4069656.43176
346296.050244,4069656.34103
346296.13345,4069656.25002
346296.216794,4069656.15885
346296.300299,4069656.06759
346296.383874,4069655.97631
346296.467611,4069655.88509
346296.551446,4069655.79388
346296.635306,4069655.70272
346296.719249,4069655.6117
346296.803242,4069655.52075
346296.887237,4069655.42992
346296.971258,4069655.3393
346297.055287,4069655.24882
346297.13934,4069655.15859
346297.223518,4069655.06865
346297.307654,4069654.97892
346297.391785,4069654.88948
346297.475898,4069654.80025
346297.559968,4069654.71133
346297.644002,4069654.62265
346297.72811,4069654.53429
346297.812196,4069654.4462
346297.896388,4069654.35838
346297.980662,4069654.27079
346298.065078,4069654.1833
346298.149635,4069654.09593
346298.234444,4069654.00858
346298.31958,4069653.92124
346298.404987,4069653.83385
346298.490697,4069653.74638
346298.576782,4069653.65881
346298.663202,4069653.57107
346298.750002,4069653.48311
346298.837164,4069653.39481
346298.924728,4069653.30624
346299.012681,4069653.21741
346299.100998,4069653.12819
346299.189835,4069653.03857
346299.279129,4069652.94851
346299.368966,4069652.85809
346299.459214,4069652.76716
346299.549862,4069652.67581
346299.640915,4069652.58401
346299.732344,4069652.49182
346299.824173,4069652.39923
346299.91629,4069652.30626
346300.008713,4069652.21293
346300.101386,4069652.11926
346300.194325,4069652.02525
346300.287465,4069651.93088
346300.380908,4069651.83629
346300.474546,4069651.74139
346300.568363,4069651.6463
346300.662268,4069651.55092
346300.756257,4069651.45542
346300.850348,4069651.35972
346300.944564,4069651.26383
346301.038771,4069651.16774
346301.133111,4069651.07159
346301.227491,4069650.97521
346301.321981,4069650.87864
346301.416555,4069650.78181
346301.511331,4069650.68479
346301.606165,4069650.58759
346301.7011,4069650.49021
346301.796089,4069650.39264
346301.891062,4069650.29493
346301.986103,4069650.19713
346302.081158,4069650.0991
346302.176291,4069650.00101
346302.271535,4069649.90279
346302.366826,4069649.80444
346302.462261,4069649.70601
346302.557776,4069649.6074
346302.653541,4069649.50854
346302.749519,4069649.40938
346302.845759,4069649.30994
346302.942265,4069649.21015
346303.039065,4069649.11003
346303.136076,4069649.00951
346303.233402,4069648.90863
346303.330981,4069648.80745
346303.428812,4069648.70599
346303.526806,4069648.60413
346303.625005,4069648.5019
346303.72338,4069648.39932
346303.821867,4069648.2964
346303.920532,4069648.19309
346304.019396,4069648.08939
346304.11845,4069647.98533
346304.217739,4069647.88092
346304.317207,4069647.77613
346304.416906,4069647.67102
346304.51685,4069647.56552
346304.617,4069647.45962
346304.717512,4069647.35333
346304.818332,4069647.24662
346304.919465,4069647.13951
346305.020909,4069647.03197
346305.122602,4069646.92395
346305.224578,4069646.81554
346305.326885,4069646.70673
346305.429531,4069646.59758
346305.532523,4069646.48807
346305.635829,4069646.37821
346305.739463,4069646.26804
346305.84337,4069646.15745
346305.947563,4069646.04656
346306.05205,4069645.93536
346306.156782,4069645.8239
346306.261674,4069645.71222
346306.36673,4069645.60029
346306.471982,4069645.48826
346306.577346,4069645.37612
346306.682867,4069645.26388
346306.788481,4069645.15154
346306.894203,4069645.03905
346306.999983,4069644.92643
346307.105962,4069644.81366
346307.21202,4069644.70077
346307.318133,4069644.58779
346307.424303,4069644.47472
346307.530575,4069644.36154
346307.637018,4069644.24827
346307.743555,4069644.13496
346307.850235,4069644.0216
346307.956934,4069643.90823
346308.063769,4069643.79486
346308.17076,4069643.68148
346308.27789,4069643.56823
346308.385038,4069643.45498
346308.492339,4069643.34175
346308.599691,4069643.22856
346308.707098,4069643.11535
346308.814592,4069643.00205
346308.922116,4069642.88875
346309.029671,4069642.77536
346309.137344,4069642.66199
346309.24505,4069642.5486
346309.352821,4069642.43522
346309.460702,4069642.32179
346309.568683,4069642.20829
346309.676783,4069642.09461
346309.785043,4069641.98076
346309.893493,4069641.86677
346310.002145,4069641.75269
346310.110979,4069641.63845
346310.219988,4069641.5241
346310.329189,4069641.40955
346310.438477,4069641.2947
346310.547944,4069641.1796
346310.657602,4069641.06411
346310.767519,4069640.94824
346310.877651,4069640.83199
346310.987966,4069640.71526
346311.09855,4069640.59806
346311.209454,4069640.48027
346311.320725,4069640.362
346311.432271,4069640.24317
346311.544172,4069640.12377
346311.656365,4069640.00383
346311.768974,4069639.88338
346311.881877,4069639.76245
346311.995148,4069639.64104
346312.108736,4069639.5191
346312.222732,4069639.3968
346312.336978,4069639.27405
346312.451555,4069639.15103
346312.566413,4069639.02769
346312.681468,4069638.90405
346312.796731,4069638.78005
346312.912209,4069638.65579
346313.027844,4069638.53133
346313.143681,4069638.40667
346313.259733,4069638.28177
346313.375914,4069638.15673
346313.492322,4069638.03155
346313.608896,4069637.90625
346313.725606,4069637.78088
346313.842425,4069637.65539
346313.959394,4069637.52991
346314.076508,4069637.40444
346314.19373,4069637.279
346314.311005,4069637.15357
346314.42827,4069637.02816
346314.545465,4069636.90285
346314.662661,4069636.77772
346314.779865,4069636.65281
346314.897035,4069636.5282
346315.014189,4069636.40384
346315.131317,4069636.27982
346315.248454,4069636.15612
346315.365553,4069636.0328
346315.482597,4069635.90997
346315.599615,4069635.7876
346315.716557,4069635.66572
346315.833363,4069635.54432
346315.950126,4069635.42349
346316.066869,4069635.30327
346316.183542,4069635.18358
346316.300145,4069635.06441
346316.416644,4069634.9458
346316.533145,4069634.82772
346316.64954,4069634.71025
346316.76575,4069634.59325
346316.881871,4069634.47678
346316.997813,4069634.36085
346317.113655,4069634.24542
346317.229319,4069634.13042
346317.34488,4069634.01584
346317.460439,4069633.90167
346317.575948,4069633.78787
346317.691447,4069633.67453
346317.806469,4069633.56142
346317.921041,4069633.44862
346318.035159,4069633.33609
346318.148831,4069633.22389
346318.261986,4069633.11204
346318.374677,4069633.00053
346318.486846,4069632.88934
346318.598409,4069632.77846
346318.70953,4069632.66796
346318.820075,4069632.55779
346318.930068,4069632.44803
346319.039536,4069632.33867
346319.14849,4069632.22978
346319.256793,4069632.1213
346319.364471,4069632.01325
346319.47146,4069631.90557
346319.577892,4069631.79829
346319.683822,4069631.69135
346319.789294,4069631.58478
346319.894321,4069631.47856
346319.999088,4069631.37252
346320.103567,4069631.26674
346320.207904,4069631.16104
