346287.415843,4069658.77182
346287.493735,4069658.7005
346287.568436,4069658.62554
346287.633404,4069658.55556
346287.706601,4069658.48803
346287.769479,4069658.40939
346287.838983,4069658.34341
346287.912881,4069658.26513
346287.973056,4069658.20171
346288.036822,4069658.12288
346288.108126,4069658.0576
346288.174192,4069657.99075
346288.245812,4069657.91825
346288.316483,4069657.85095
346288.390361,4069657.77988
346288.460982,4069657.70148
346288.521721,4069657.62807
346288.599401,4069657.55324
346288.674396,4069657.47809
346288.744491,4069657.40358
346288.820121,4069657.32232
346288.889346,4069657.2408
346288.963284,4069657.17306
346289.04055,4069657.09177
346289.115349,4069657.01403
346289.186756,4069656.9297
346289.256168,4069656.85853
346289.332723,4069656.7791
346289.406914,4069656.70063
346289.479515,4069656.61646
346289.554725,4069656.54501
346289.632441,4069656.46389
346289.69972,4069656.39831
346289.772303,4069656.32968
346289.843016,4069656.24813
346289.915834,4069656.19263
346289.993792,4069656.11668
346290.053775,4069656.05087
346290.129346,4069655.98292
346290.190268,4069655.91967
346290.261891,4069655.84736
346290.334798,4069655.7802
346290.409836,4069655.70745
346290.477427,4069655.64261
346290.553976,4069655.57113
346290.62758,4069655.50137
346290.703072,4069655.43731
346290.774685,4069655.36444
346290.853915,4069655.28477
346290.930098,4069655.21774
346291.007109,4069655.13053
346291.082809,4069655.06147
346291.163966,4069654.9814
346291.250979,4069654.90418
346291.333081,4069654.81873
346291.424946,4069654.72996
346291.502919,4069654.64662
346291.592887,4069654.55991
346291.673822,4069654.47578
346291.762024,4069654.39022
346291.848272,4069654.30358
346291.93297,4069654.22178
346292.013322,4069654.14654
346292.093873,4069654.0576
346292.18118,4069653.98019
346292.258241,4069653.90408
346292.34476,4069653.81596
346292.423453,4069653.74777
346292.504091,4069653.66364
346292.586127,4069653.58281
346292.664041,4069653.50447
346292.748525,4069653.4273
346292.822548,4069653.34772
346292.906149,4069653.27112
346292.989517,4069653.18158
346293.061918,4069653.11942
346293.136046,4069653.03745
346293.212883,4069652.96541
346293.294226,4069652.88737
346293.363693,4069652.81102
346293.445781,4069652.74129
346293.520198,4069652.66708
346293.595593,4069652.58933
346293.666483,4069652.52591
346293.740215,4069652.44671
346293.810767,4069652.38107
346293.885316,4069652.30593
346293.956454,4069652.23973
346294.034561,4069652.16378
346294.103116,4069652.09467
346294.18312,4069652.01665
346294.258178,4069651.94501
346294.334952,4069651.86946
346294.400337,4069651.79781
346294.482245,4069651.72642
346294.55922,4069651.6455
346294.639294,4069651.57137
346294.726048,4069651.48806
346294.79898,4069651.40573
346294.881876,4069651.32304
346294.96463,4069651.24072
346295.044743,4069651.16048
346295.128499,4069651.08425
346295.21832,4069650.98941
346295.304067,4069650.91629
346295.382056,4069650.82555
346295.471592,4069650.74791
346295.553464,4069650.6497
346295.634705,4069650.57426
346295.72096,4069650.48799
346295.812514,4069650.39848
346295.892706,4069650.31436
346295.9819,4069650.23433
346296.067675,4069650.14623
346296.153434,4069650.05719
346296.237249,4069649.97597
346296.315827,4069649.88484
346296.405603,4069649.80406
346296.488948,4069649.71323
346296.570298,4069649.63556
346296.656077,4069649.55596
346296.734605,4069649.47039
346296.815209,4069649.40087
346296.895797,4069649.31397
346296.977007,4069649.23685
346297.04825,4069649.15992
346297.130631,4069649.08168
346297.196462,4069649.01002
346297.285699,4069648.92407
346297.355971,4069648.85937
346297.426542,4069648.77819
346297.499373,4069648.7151
346297.569509,4069648.65114
346297.640725,4069648.57273
346297.708124,4069648.50548
346297.786494,4069648.42768
346297.852544,4069648.3599
346297.930935,4069648.28321
346298.006869,4069648.21063
346298.071503,4069648.13863
346298.138233,4069648.06733
346298.216896,4069647.99748
346298.292569,4069647.91861
346298.360733,4069647.84433
346298.443241,4069647.77311
346298.515525,4069647.69616
346298.592454,4069647.62097
346298.667271,4069647.54416
346298.739443,4069647.46925
346298.813569,4069647.39541
346298.89137,4069647.31077
346298.969004,4069647.24168
346299.041972,4069647.16139
346299.118775,4069647.07917
346299.195308,4069647.00677
346299.277602,4069646.92372
346299.358439,4069646.84236
346299.436658,4069646.76438
346299.519967,4069646.67983
346299.598007,4069646.60019
346299.683914,4069646.51115
346299.766037,4069646.43513
346299.844135,4069646.34217
346299.939476,4069646.2563
346300.024263,4069646.17117
346300.107816,4069646.08365
346300.199691,4069645.99544
346300.288005,4069645.89952
346300.372273,4069645.81865
346300.46751,4069645.71872
346300.557371,4069645.6261
346300.644863,4069645.5424
346300.740102,4069645.44266
346300.827349,4069645.3536
346300.917289,4069645.25709
346301.005904,4069645.16968
346301.093121,4069645.07895
346301.18211,4069644.99578
346301.260711,4069644.90596
346301.348913,4069644.8204
346301.426397,4069644.73466
346301.503868,4069644.6565
346301.590661,4069644.55876
346301.660962,4069644.48739
346301.739326,4069644.40922
346301.805744,4069644.32886
346301.882646,4069644.24387
346301.952217,4069644.17326
346302.022037,4069644.09173
346302.094513,4069644.01718
346302.157894,4069643.94168
346302.231663,4069643.86452
346302.300545,4069643.78874
346302.367166,4069643.71966
346302.440203,4069643.63493
346302.507443,4069643.56713
346302.579866,4069643.48962
346302.637389,4069643.41941
346302.717307,4069643.33659
346302.779657,4069643.26999
346302.848767,4069643.19032
346302.924618,4069643.11312
346302.991407,4069643.03682
346303.06987,4069642.95587
346303.137109,4069642.87975
346303.218902,4069642.80189
346303.281403,4069642.72715
346303.364987,4069642.6413
346303.430057,4069642.56874
346303.505988,4069642.48765
346303.579746,4069642.40993
346303.654758,4069642.32738
346303.729789,4069642.24594
346303.800343,4069642.16384
346303.876925,4069642.08589
346303.941414,4069642.01407
346304.020247,4069641.92887
346304.086471,4069641.85424
346304.168712,4069641.76824
346304.232294,4069641.68737
346304.313104,4069641.60453
346304.3879,4069641.51829
346304.457932,4069641.44027
346304.537758,4069641.36059
346304.615942,4069641.27244
346304.69219,4069641.19245
346304.768285,4069641.10397
346304.839987,4069641.02777
346304.917847,4069640.93814
346304.996657,4069640.85164
346305.068398,4069640.76933
346305.150901,4069640.68128
346305.222926,4069640.59823
346305.297789,4069640.51569
346305.373054,4069640.43073
346305.450661,4069640.35183
346305.524746,4069640.26745
346305.595731,4069640.19274
346305.67427,4069640.10772
346305.751404,4069640.02736
346305.824322,4069639.94429
346305.891022,4069639.863
346305.973145,4069639.78698
346306.043689,4069639.70433
346306.119317,4069639.6312
346306.193921,4069639.55088
346306.269271,4069639.47887
346306.3392,4069639.39511
346306.41886,4069639.31451
346306.493383,4069639.23789
346306.561994,4069639.1636
346306.637859,4069639.08714
346306.71012,4069639.00889
346306.778824,4069638.93977
346306.859122,4069638.85324
346306.925495,4069638.78694
346307.00494,4069638.70265
346307.074768,4069638.62981
346307.153776,4069638.54608
346307.220388,4069638.47644
346307.29978,4069638.39752
346307.370672,4069638.31763
346307.44828,4069638.24706
346307.520078,4069638.1679
346307.59111,4069638.09578
346307.674688,4069638.01788
346307.743068,4069637.94729
346307.821504,4069637.86486
346307.895194,4069637.79159
346307.968162,4069637.71129
346308.049337,4069637.63215
346308.119661,4069637.56208
346308.194901,4069637.48396
346308.27151,4069637.41581
346308.349156,4069637.33081
346308.431908,4069637.25663
346308.503952,4069637.18283
346308.571687,4069637.10947
346308.652791,4069637.02644
346308.721873,4069636.96176
346308.803271,4069636.87022
346308.880988,4069636.79742
346308.959516,4069636.71185
346309.033656,4069636.63875
346309.115215,4069636.54794
346309.189431,4069636.4791
346309.276473,4069636.3869
346309.347574,4069636.31866
346309.436444,4069636.22883
346309.510203,4069636.15112
346309.597563,4069636.06835
346309.675791,4069635.99092
346309.747926,4069635.90565
346309.836348,4069635.83229
346309.909217,4069635.75477
346309.984608,4069635.66852
346310.068504,4069635.59173
346310.14021,4069635.51571
346310.226776,4069635.4385
346310.29298,4069635.35445
346310.370278,4069635.29146
346310.441038,4069635.2125
346310.518351,4069635.14212
346310.588135,4069635.05856
346310.669909,4069634.98791
346310.734338,4069634.91276
346310.81737,4069634.82933
346310.881224,4069634.75531
346310.966217,4069634.68164
346311.0444,4069634.60162
346311.109129,4069634.52666
346311.195415,4069634.45038
346311.269494,4069634.36563
346311.349244,4069634.29002
346311.426718,4069634.20373
346311.506896,4069634.11887
346311.592355,4069634.03798
346311.665713,4069633.95454
346311.759583,4069633.86961
346311.851091,4069633.77752
346311.940487,4069633.69212
346312.01561,4069633.60754
346312.105971,4069633.51787
346312.190428,4069633.43089
346312.276309,4069633.34038
346312.360892,4069633.26043
346312.449801,4069633.1645
346312.53085,4069633.08665
346312.618903,4069633.0011
346312.698546,4069632.91125
346312.786444,4069632.82532
346312.864325,4069632.74513
346312.940358,4069632.66145
346313.024147,4069632.57874
346313.102061,4069632.49207
346313.182085,4069632.41517
346313.262399,4069632.32956
346313.337587,4069632.25681
346313.411742,4069632.17632
346313.486841,4069632.1069
346313.566011,4069632.0239
346313.634524,4069631.95238
346313.7126,4069631.87477
346313.783624,4069631.79396
346313.860838,4069631.71803
346313.939096,4069631.63394
346314.013288,4069631.55548
346314.096833,4069631.47574
346314.177593,4069631.39012
346314.260189,4069631.30725
346314.340081,4069631.23128
346314.415948,4069631.14668
346314.50177,4069631.06116
346314.575847,4069630.98454
346314.655251,4069630.89803
346314.73874,4069630.81515
346314.814739,4069630.72962
346314.898346,4069630.64507
346314.981322,4069630.55849
346315.059131,4069630.48255
346315.141938,4069630.39487
346315.223584,4069630.30887
346315.301905,4069630.22829
346315.378831,4069630.1446
346315.458233,4069630.06623
346315.539724,4069629.97986
346315.607558,4069629.90373
346315.688613,4069629.81793
346315.766495,4069629.74606
346315.841276,4069629.66721
346315.916303,4069629.58558
346315.991174,4069629.51173
346316.065705,4069629.42734
346316.141879,4069629.35975
346316.215191,4069629.28204
346316.289819,4069629.20302
346316.361714,4069629.12922
346316.432101,4069629.05433
346316.503867,4069628.98165
346316.576987,4069628.90154
346316.647573,4069628.82943
346316.720412,4069628.75024
346316.795993,4069628.67453
346316.863321,4069628.59508
346316.939854,4069628.52267
346317.013381,4069628.44034
346317.08604,4069628.36763
346317.163353,4069628.28893
346317.242645,4069628.20445
346317.319192,4069628.13279
346317.39379,4069628.0521
346317.474604,4069627.96944
346317.552611,4069627.88795
346317.63345,4069627.79845
346317.71674,4069627.71279
346317.796452,4069627.62683
346317.879768,4069627.53433
346317.957656,4069627.4545
346318.039163,4069627.36906
346318.120541,4069627.27641
346318.201412,4069627.1969
346318.28152,4069627.10816
346318.359124,4069627.02907
346318.441815,4069626.94324
346318.524183,4069626.85594
346318.598325,4069626.7747
346318.674772,4069626.70581
346318.732532,4069626.62394
346318.802782,4069626.56626
346318.852084,4069626.51063
346318.912395,4069626.44647
346318.96148,4069626.39528
346319.012455,4069626.34164
346319.069672,4069626.28753
346319.11549,4069626.23677
346319.167937,4069626.18218
346319.216159,4069626.13267
346319.270548,4069626.07028
346319.314971,4069626.0164
346319.367325,4069625.96496
346319.422131,4069625.9009
346319.466628,4069625.85941
346319.513034,4069625.80826
346319.55553,4069625.76311
346319.604006,4069625.71119
346319.649927,4069625.66615
346319.705706,4069625.60652
346319.751048,4069625.55409
346319.808975,4069625.48979
346319.860291,4069625.43856
346319.914244,4069625.37674
346319.977153,4069625.30809
346320.038172,4069625.24189
346320.101167,4069625.17805
346320.166766,4069625.10178
346320.238708,4069625.03056
