346342.083126,4069629.88379
346342.142872,4069629.94542
346342.208989,4069630.01378
346342.261653,4069630.07054
346342.321481,4069630.12847
346342.374525,4069630.18984
346342.45457,4069630.24648
346342.520895,4069630.30152
346342.589217,4069630.36836
346342.663321,4069630.42566
346342.737197,4069630.48685
346342.805427,4069630.54851
346342.885778,4069630.62216
346342.953598,4069630.68586
346343.021732,4069630.75881
346343.089539,4069630.82177
346343.161571,4069630.89631
346343.238083,4069630.96337
346343.302192,4069631.04416
346343.381468,4069631.11598
346343.462513,4069631.17852
346343.531981,4069631.26772
346343.615692,4069631.34612
346343.691267,4069631.42725
346343.76269,4069631.49274
346343.835321,4069631.55913
346343.915304,4069631.6289
346343.991664,4069631.69578
346344.064877,4069631.76975
346344.136797,4069631.838
346344.202014,4069631.92246
346344.279642,4069631.98544
346344.365621,4069632.05751
346344.436146,4069632.13096
346344.502779,4069632.2032
346344.58719,4069632.27085
346344.659226,4069632.34558
346344.734867,4069632.43041
346344.810489,4069632.49767
346344.889244,4069632.57357
346344.969938,4069632.64148
346345.046772,4069632.71816
346345.131993,4069632.79782
346345.209498,4069632.87042
346345.29146,4069632.95088
346345.367913,4069633.02294
346345.450938,4069633.09635
346345.527067,4069633.16694
346345.601457,4069633.24014
346345.692711,4069633.30768
346345.764989,4069633.38757
346345.853676,4069633.46958
346345.920438,4069633.5407
346345.999407,4069633.61198
346346.075326,4069633.69569
346346.150442,4069633.75964
346346.230242,4069633.84402
346346.318735,4069633.90698
346346.381114,4069633.98262
346346.463965,4069634.06289
346346.541435,4069634.11698
346346.610655,4069634.20064
346346.686568,4069634.26752
346346.761488,4069634.34534
346346.829341,4069634.41089
346346.916077,4069634.49201
346346.985031,4069634.56087
346347.07247,4069634.63144
346347.135983,4069634.70391
346347.215838,4069634.78312
346347.294155,4069634.85126
346347.372197,4069634.91237
346347.440452,4069634.99198
346347.516196,4069635.05776
346347.592725,4069635.12574
346347.669327,4069635.19779
346347.746146,4069635.2654
346347.81958,4069635.33511
346347.891319,4069635.40984
346347.96624,4069635.47952
346348.043264,4069635.54195
346348.127129,4069635.61239
346348.198526,4069635.70118
346348.275496,4069635.76065
346348.356039,4069635.8367
346348.420735,4069635.90046
346348.509688,4069635.97248
346348.589113,4069636.0443
346348.669151,4069636.12535
346348.741365,4069636.19342
346348.817228,4069636.25753
346348.891558,4069636.3274
346348.974694,4069636.40692
346349.046613,4069636.47518
346349.127755,4069636.5514
346349.201443,4069636.6187
346349.276319,4069636.69411
346349.34806,4069636.7607
346349.425079,4069636.83941
346349.503364,4069636.91402
346349.578627,4069636.9861
346349.645868,4069637.05074
346349.731975,4069637.13002
346349.801198,4069637.20553
346349.887864,4069637.28277
346349.965794,4069637.34592
346350.038485,4069637.42396
346350.118321,4069637.50206
346350.192435,4069637.56824
346350.27348,4069637.6391
346350.357247,4069637.71232
346350.451466,4069637.77925
346350.532638,4069637.85714
346350.60799,4069637.93421
346350.679734,4069638.00099
346350.765855,4069638.08101
346350.837536,4069638.14427
346350.923326,4069638.22245
346350.997029,4069638.29881
346351.089215,4069638.36022
346351.161119,4069638.4442
346351.243431,4069638.51929
346351.321923,4069638.58059
346351.39744,4069638.65858
346351.473016,4069638.72325
346351.554773,4069638.80058
346351.640323,4069638.86544
346351.705931,4069638.93029
346351.788422,4069639.00705
346351.855147,4069639.07613
346351.944378,4069639.13871
346352.018306,4069639.22765
346352.106991,4069639.29301
346352.178234,4069639.3733
346352.260922,4069639.4445
346352.337494,4069639.51489
346352.409751,4069639.58536
346352.494873,4069639.65948
346352.582295,4069639.72912
346352.653899,4069639.81291
346352.746621,4069639.87931
346352.832415,4069639.95767
346352.913322,4069640.03742
346352.994549,4069640.11845
346353.080706,4069640.19218
346353.172596,4069640.27025
346353.254543,4069640.34165
346353.332881,4069640.41922
346353.419031,4069640.49258
346353.498652,4069640.57531
346353.588899,4069640.65304
346353.671013,4069640.73369
346353.748905,4069640.81126
346353.845181,4069640.885
346353.910741,4069640.96372
346354.006003,4069641.03896
346354.080426,4069641.11401
346354.164042,4069641.17891
346354.253057,4069641.26258
346354.33429,4069641.33565
346354.421386,4069641.41196
346354.51191,4069641.48857
346354.592597,4069641.5809
346354.671469,4069641.64681
346354.753183,4069641.73005
346354.843528,4069641.79668
346354.92246,4069641.86591
346355.012949,4069641.94882
346355.093432,4069642.02154
346355.161791,4069642.09041
346355.248189,4069642.16932
346355.335047,4069642.24895
346355.418463,4069642.32754
346355.510445,4069642.40247
346355.591022,4069642.48037
346355.683844,4069642.56064
346355.773379,4069642.6319
346355.852584,4069642.7163
346355.932733,4069642.787
346356.025829,4069642.86597
346356.109864,4069642.94584
346356.199793,4069643.02246
346356.284095,4069643.10067
346356.356341,4069643.18704
346356.439793,4069643.25934
346356.528145,4069643.33932
346356.620029,4069643.41702
346356.698316,4069643.49182
346356.76872,4069643.57508
346356.853346,4069643.64643
346356.948029,4069643.7226
346357.028023,4069643.80125
346357.111465,4069643.873
346357.196964,4069643.95155
346357.285834,4069644.01894
346357.36217,4069644.10931
346357.451953,4069644.1778
346357.539916,4069644.26093
346357.611865,4069644.33085
346357.697561,4069644.39553
346357.779568,4069644.47026
346357.860555,4069644.55444
346357.935288,4069644.6219
346358.019617,4069644.70158
346358.100873,4069644.76763
346358.16908,4069644.84465
346358.248078,4069644.90926
346358.328442,4069644.98365
346358.407508,4069645.06861
346358.497347,4069645.13191
346358.562777,4069645.20343
346358.647955,4069645.28069
346358.729416,4069645.34988
346358.810784,4069645.4139
346358.890084,4069645.48701
346358.975731,4069645.56556
346359.053768,4069645.64295
346359.123399,4069645.69978
346359.204003,4069645.79581
346359.284289,4069645.8493
346359.363583,4069645.93037
346359.437202,4069646.0021
346359.518806,4069646.07925
346359.601048,4069646.15046
346359.68323,4069646.21834
346359.756595,4069646.29249
346359.837353,4069646.37223
346359.910658,4069646.44305
346359.989822,4069646.51691
346360.07773,4069646.58876
346360.15165,4069646.66068
346360.224304,4069646.72836
346360.307904,4069646.80066
346360.385994,4069646.87269
346360.459398,4069646.94073
346360.532648,4069647.02505
346360.614628,4069647.08998
346360.696381,4069647.16712
346360.778817,4069647.23259
346360.858153,4069647.30774
346360.936466,4069647.37569
346361.019836,4069647.45169
346361.089948,4069647.52701
346361.168579,4069647.59607
346361.257743,4069647.66327
346361.312138,4069647.74183
346361.390111,4069647.81571
346361.46989,4069647.88234
